### DATA:
#
# 1229
#      Q             I(Q)           Error     
4.25604108E-03  5.03971349E-03  2.99720036E-03
4.53977704E-03  9.90306718E-03  2.28452207E-03
4.82351297E-03  1.24703923E-02  1.77797183E-03
5.10724888E-03  1.16902558E-02  1.46057770E-03
5.39098477E-03  1.15953049E-02  1.36272156E-03
5.67472063E-03  1.12422818E-02  1.06258154E-03
5.95845646E-03  1.17459569E-02  8.41290871E-04
6.24219226E-03  1.11609347E-02  7.04064277E-04
6.52592804E-03  1.05405849E-02  5.96697922E-04
6.80966378E-03  1.07180302E-02  5.28524203E-04
7.09339948E-03  1.17107168E-02  4.36492196E-04
7.37713515E-03  1.02640497E-02  4.07610909E-04
7.66087079E-03  1.09976636E-02  3.67158675E-04
7.94460639E-03  1.13136161E-02  3.52782438E-04
8.22834195E-03  1.05877087E-02  3.36570990E-04
8.51207747E-03  1.10045006E-02  3.12880269E-04
8.79581295E-03  1.11000941E-02  3.17029184E-04
9.07954838E-03  1.13794348E-02  2.93196348E-04
9.36328377E-03  1.11513412E-02  2.86085673E-04
9.64701911E-03  1.15072395E-02  2.81470207E-04
9.93075441E-03  1.07955531E-02  2.65263205E-04
1.02144897E-02  1.17295738E-02  2.74874608E-04
1.04982249E-02  1.15765175E-02  2.54912040E-04
1.07819600E-02  1.11400584E-02  2.52656782E-04
1.10656951E-02  1.09153702E-02  2.47664419E-04
1.13494301E-02  1.14140200E-02  2.41939188E-04
1.16331651E-02  1.11904147E-02  2.43625878E-04
1.19169001E-02  1.12654224E-02  2.32995047E-04
1.22006349E-02  1.05480872E-02  2.29348723E-04
1.24843697E-02  1.11199734E-02  2.31594439E-04
1.27681045E-02  1.15245843E-02  2.28180283E-04
1.30518392E-02  1.15395415E-02  2.14762623E-04
1.33355738E-02  1.12545082E-02  2.02562682E-04
1.36193083E-02  1.12284635E-02  1.99765517E-04
1.39030428E-02  1.10301019E-02  1.95344453E-04
1.41867773E-02  1.13287550E-02  1.87758694E-04
1.44705116E-02  1.14424549E-02  1.82327027E-04
1.47542459E-02  1.11152951E-02  1.78230018E-04
1.50379801E-02  1.13122539E-02  1.80378377E-04
1.53217142E-02  1.06698609E-02  1.73808497E-04
1.56054483E-02  1.10137286E-02  1.74447750E-04
1.58891823E-02  1.10234415E-02  1.69545989E-04
1.61729162E-02  1.08767592E-02  1.69002603E-04
1.64566500E-02  1.11010931E-02  1.68042950E-04
1.67403837E-02  1.09137358E-02  1.64521667E-04
1.70241174E-02  1.11400403E-02  1.62173910E-04
1.73078510E-02  1.12574776E-02  1.61616318E-04
1.75915845E-02  1.10759607E-02  1.59557631E-04
1.78753179E-02  1.11396438E-02  1.55950290E-04
1.81590512E-02  1.12764249E-02  1.54127751E-04
1.84427845E-02  1.08677685E-02  1.55035691E-04
1.87265176E-02  1.08352300E-02  1.53239958E-04
1.90102506E-02  1.11699397E-02  1.49131031E-04
1.92939836E-02  1.09414679E-02  1.45562942E-04
1.95777165E-02  1.09430334E-02  1.43952811E-04
1.98614492E-02  1.08203987E-02  1.48081542E-04
2.01451819E-02  1.10174764E-02  1.46862072E-04
2.04289145E-02  1.09288809E-02  1.48045120E-04
2.07126470E-02  1.08635416E-02  1.49114065E-04
2.09963793E-02  1.09319806E-02  1.49377195E-04
2.12801116E-02  1.08532622E-02  1.49576237E-04
2.15638438E-02  1.06737205E-02  1.47667008E-04
2.18475758E-02  1.10021043E-02  1.48761417E-04
2.21313078E-02  1.06434484E-02  1.45767963E-04
2.24150396E-02  1.08972068E-02  1.46553647E-04
2.26987713E-02  1.08696053E-02  1.46946295E-04
2.29825030E-02  1.10465452E-02  1.43390343E-04
2.32662345E-02  1.09139006E-02  1.46328738E-04
2.35499659E-02  1.06641198E-02  1.39783814E-04
2.38336971E-02  1.08077042E-02  1.43708548E-04
2.41174283E-02  1.08904724E-02  1.43527648E-04
2.44011593E-02  1.08365365E-02  1.40847930E-04
2.46848903E-02  1.07720733E-02  1.43607144E-04
2.49686211E-02  1.08076929E-02  1.38510481E-04
2.52523518E-02  1.05783863E-02  1.40703942E-04
2.55360823E-02  1.08078524E-02  1.39739202E-04
2.58198127E-02  1.06969756E-02  1.38904836E-04
2.61035431E-02  1.06133762E-02  1.39512137E-04
2.63872732E-02  1.06435676E-02  1.36733890E-04
2.66710033E-02  1.06439363E-02  1.38198859E-04
2.69547332E-02  1.05674557E-02  1.36695347E-04
2.72384630E-02  1.08725585E-02  1.35523357E-04
2.75221926E-02  1.05268896E-02  1.35428838E-04
2.78059222E-02  1.05758398E-02  1.33289858E-04
2.80896515E-02  1.10094610E-02  1.36583570E-04
2.83733808E-02  1.07241602E-02  1.32661773E-04
2.86571099E-02  1.06231748E-02  1.33870015E-04
2.89408389E-02  1.07953210E-02  1.31973160E-04
2.92245677E-02  1.05146182E-02  1.31957560E-04
2.95082964E-02  1.05974691E-02  1.34425810E-04
2.97920249E-02  1.06344562E-02  1.29097957E-04
3.00757533E-02  1.06251932E-02  1.29737769E-04
3.03594815E-02  1.06205957E-02  1.29482053E-04
3.06432096E-02  1.04067866E-02  1.28967805E-04
3.09269376E-02  1.05951154E-02  1.28864782E-04
3.12106654E-02  1.05605800E-02  1.26408736E-04
3.14943930E-02  1.04230217E-02  1.28372537E-04
3.17781205E-02  1.07119830E-02  1.25481745E-04
3.20618478E-02  1.03632057E-02  1.23163111E-04
3.23455750E-02  1.05447165E-02  1.24136145E-04
3.26293020E-02  1.04312924E-02  1.23785914E-04
3.29130289E-02  1.03883184E-02  1.25524183E-04
3.31967555E-02  1.04286429E-02  1.24075842E-04
3.34804821E-02  1.02876980E-02  1.24335002E-04
3.37642084E-02  1.02898665E-02  1.22647612E-04
3.40479346E-02  1.04363285E-02  1.24159978E-04
3.43316607E-02  1.04930291E-02  1.23753281E-04
3.46153865E-02  1.05152835E-02  1.20437496E-04
3.48991122E-02  1.05868650E-02  1.22491208E-04
3.51828378E-02  1.00614678E-02  1.20586239E-04
3.54665631E-02  1.03937977E-02  1.21857958E-04
3.57502883E-02  1.02648807E-02  1.20462107E-04
3.60340133E-02  1.03170391E-02  1.19138576E-04
3.63177381E-02  1.02254650E-02  1.19881246E-04
3.66014628E-02  1.01555484E-02  1.20253043E-04
3.68851873E-02  1.03762936E-02  1.19306488E-04
3.71689116E-02  1.00717008E-02  1.17802557E-04
3.74526357E-02  1.01954558E-02  1.18112911E-04
3.77363596E-02  1.01816396E-02  1.18496136E-04
3.80200833E-02  1.03005699E-02  1.17099387E-04
3.83038069E-02  1.01379237E-02  1.17503374E-04
3.85875302E-02  9.87525187E-03  1.17071338E-04
3.88712534E-02  9.76450613E-03  1.17149642E-04
3.91549764E-02  9.97645424E-03  1.17935674E-04
3.94386992E-02  1.02342414E-02  1.14804193E-04
3.97224218E-02  1.01068339E-02  1.16619550E-04
4.00061442E-02  9.98790527E-03  1.16035602E-04
4.02898664E-02  9.85013614E-03  1.15840284E-04
4.05735884E-02  9.98451613E-03  1.12660748E-04
4.08573103E-02  1.00585396E-02  1.11603293E-04
4.11410319E-02  1.00110084E-02  1.13696189E-04
4.14247533E-02  1.00775818E-02  1.11643856E-04
4.17084745E-02  9.75114549E-03  1.12138334E-04
4.19921955E-02  1.00131542E-02  1.11934786E-04
4.22759163E-02  9.95521160E-03  1.12350444E-04
4.25596369E-02  9.70448705E-03  1.13833612E-04
4.28433573E-02  9.59457659E-03  1.10960989E-04
4.31270775E-02  9.99587358E-03  1.11958046E-04
4.34107974E-02  9.88941320E-03  1.10553622E-04
4.36945172E-02  9.66047762E-03  1.11452064E-04
4.39782367E-02  9.87461770E-03  1.11777764E-04
4.42619560E-02  9.84139903E-03  1.09640392E-04
4.45456751E-02  9.74838565E-03  1.11126652E-04
4.48293940E-02  9.82069721E-03  1.09479004E-04
4.51131127E-02  9.65829504E-03  1.10878619E-04
4.53968311E-02  9.51493203E-03  1.09768956E-04
4.56805494E-02  9.60435812E-03  1.08908253E-04
4.59642674E-02  9.53980062E-03  1.09987007E-04
4.62479852E-02  9.69915786E-03  1.08516453E-04
4.65317027E-02  9.87288116E-03  1.08753614E-04
4.68154200E-02  9.57348515E-03  1.07257674E-04
4.70991371E-02  9.50182222E-03  1.09109432E-04
4.73828540E-02  9.40224453E-03  1.13524144E-04
4.76665706E-02  9.49916406E-03  1.10622135E-04
4.79502870E-02  9.34801061E-03  1.13784168E-04
4.82340032E-02  9.39501958E-03  1.13356552E-04
4.85177191E-02  9.53961158E-03  1.14641840E-04
4.88014348E-02  9.41519798E-03  1.14974039E-04
4.90851502E-02  9.64239062E-03  1.12634815E-04
4.93688654E-02  9.52487763E-03  1.13621510E-04
4.96525804E-02  9.51549696E-03  1.14073117E-04
4.99362951E-02  9.35142965E-03  1.16923336E-04
5.02200096E-02  9.35538699E-03  1.16647994E-04
5.05037238E-02  9.27608498E-03  1.15367716E-04
5.07874378E-02  9.29401347E-03  1.17131991E-04
5.10711516E-02  9.37086742E-03  1.16264934E-04
5.13548650E-02  9.34374978E-03  1.17756864E-04
5.16385783E-02  9.23201036E-03  1.16216540E-04
5.19222913E-02  9.18827521E-03  1.16459897E-04
5.22060040E-02  9.10396951E-03  1.17967724E-04
5.24897165E-02  9.11939829E-03  1.15367824E-04
5.27734287E-02  9.31976944E-03  1.16853797E-04
5.30571406E-02  9.26152543E-03  1.15203001E-04
5.33408523E-02  9.25992455E-03  1.16889445E-04
5.36245638E-02  9.11983717E-03  1.16007353E-04
5.39082749E-02  8.97389073E-03  1.15237341E-04
5.41919858E-02  9.14091644E-03  1.16824999E-04
5.44756965E-02  9.12721934E-03  1.15440346E-04
5.47594069E-02  9.21913030E-03  1.16661507E-04
5.50431170E-02  8.93437647E-03  1.13835918E-04
5.53268268E-02  9.04108825E-03  1.15657850E-04
5.56105364E-02  8.82105034E-03  1.16514122E-04
5.58942457E-02  8.97232020E-03  1.14092439E-04
5.61779547E-02  8.92549580E-03  1.16294298E-04
5.64616634E-02  8.86255780E-03  1.14481542E-04
5.67453719E-02  8.97157508E-03  1.15820824E-04
5.70290801E-02  8.59445513E-03  1.15969212E-04
5.73127880E-02  9.00558202E-03  1.13377150E-04
5.75964957E-02  8.64334107E-03  1.15441669E-04
5.78802030E-02  8.70550987E-03  1.13722517E-04
5.81639101E-02  8.71851103E-03  1.15357437E-04
5.84476169E-02  8.89353053E-03  1.14806643E-04
5.87313234E-02  8.61639294E-03  1.14036428E-04
5.90150296E-02  8.71962104E-03  1.15064426E-04
5.92987355E-02  8.70944993E-03  1.13675845E-04
5.95824411E-02  8.72210775E-03  1.14342113E-04
5.98661464E-02  8.69792262E-03  1.13835081E-04
6.01498515E-02  8.85755804E-03  1.13349394E-04
6.04335562E-02  8.40560153E-03  1.14686986E-04
6.07172607E-02  8.59293204E-03  1.13122229E-04
6.10009648E-02  8.60587594E-03  1.13932263E-04
6.12846687E-02  8.61034646E-03  1.12186804E-04
6.15683723E-02  8.47146916E-03  1.13651276E-04
6.18520755E-02  8.51996493E-03  1.12837393E-04
6.21357785E-02  8.35727706E-03  1.13239768E-04
6.24194811E-02  8.14822057E-03  1.14069857E-04
6.27031835E-02  8.38642258E-03  1.10334262E-04
6.29868855E-02  8.56392550E-03  1.13376047E-04
6.32705872E-02  8.31168779E-03  1.12050318E-04
6.35542886E-02  8.18895686E-03  1.13338081E-04
6.38379897E-02  8.46790409E-03  1.12949074E-04
6.41216905E-02  8.25535046E-03  1.10635178E-04
6.44053910E-02  8.34752521E-03  1.12893883E-04
6.46890912E-02  8.29906498E-03  1.10579904E-04
6.49727910E-02  8.25476348E-03  1.11507959E-04
6.52564906E-02  8.17622959E-03  1.12460012E-04
6.55401898E-02  8.14605295E-03  1.10904087E-04
6.58238887E-02  8.28346718E-03  1.11443621E-04
6.61075872E-02  8.39476124E-03  1.08611889E-04
6.63912855E-02  8.05971033E-03  1.08811482E-04
6.66749834E-02  8.08967807E-03  1.08354341E-04
6.69586810E-02  8.15485663E-03  1.08683503E-04
6.72423782E-02  7.94725007E-03  1.11003146E-04
6.75260752E-02  8.02248264E-03  1.08028218E-04
6.78097718E-02  8.20013388E-03  1.10593724E-04
6.80934681E-02  8.29147089E-03  1.11445916E-04
6.83771640E-02  7.92737882E-03  1.14913154E-04
6.86608596E-02  7.81932185E-03  1.16274395E-04
6.89445549E-02  7.83592755E-03  1.15672576E-04
6.92282498E-02  7.96981881E-03  1.18753215E-04
6.95119444E-02  8.19079727E-03  1.18458338E-04
6.97956386E-02  7.66783163E-03  1.18759633E-04
7.00793325E-02  7.86976525E-03  1.21344222E-04
7.03630261E-02  7.90040549E-03  1.23124450E-04
7.06467193E-02  7.80989065E-03  1.22612215E-04
7.09304122E-02  7.87790758E-03  1.23091353E-04
7.12141047E-02  7.69550987E-03  1.24533493E-04
7.14977969E-02  7.68669358E-03  1.23470557E-04
7.17814887E-02  7.52990853E-03  1.22992095E-04
7.20651802E-02  7.51751761E-03  1.24807968E-04
7.23488713E-02  7.63005673E-03  1.23342159E-04
7.26325621E-02  7.55550228E-03  1.25240502E-04
7.29162525E-02  7.59297912E-03  1.24519323E-04
7.31999426E-02  7.44297910E-03  1.20310974E-04
7.34836323E-02  7.50461554E-03  1.17540982E-04
7.37673216E-02  7.45321406E-03  1.15665247E-04
7.40510106E-02  7.60267551E-03  1.14158988E-04
7.43346992E-02  7.47646255E-03  1.14377517E-04
7.46183874E-02  7.39207645E-03  1.14723232E-04
7.49020753E-02  7.53452650E-03  1.12067767E-04
7.51857628E-02  7.21575408E-03  1.11557358E-04
7.54694500E-02  7.38377842E-03  1.11469466E-04
7.57531368E-02  7.35658067E-03  1.09910203E-04
7.60368232E-02  7.33803159E-03  1.11054687E-04
7.63205092E-02  7.07719935E-03  1.10022130E-04
7.66041949E-02  7.32885835E-03  1.08965996E-04
7.68878802E-02  7.35662296E-03  1.10036620E-04
7.71715651E-02  7.34491855E-03  1.09821662E-04
7.74552496E-02  7.09830594E-03  1.09696974E-04
7.77389338E-02  7.34216081E-03  1.07893618E-04
7.80226176E-02  7.15278363E-03  1.09295781E-04
7.83063009E-02  7.21021113E-03  1.08371967E-04
7.85899840E-02  7.25031483E-03  1.07988614E-04
7.88736666E-02  6.99573505E-03  1.07525339E-04
7.91573488E-02  7.07668481E-03  1.08014028E-04
7.94410307E-02  7.07488552E-03  1.08412342E-04
7.97247121E-02  7.02377667E-03  1.07434282E-04
8.00083932E-02  7.03163460E-03  1.07519505E-04
8.02920739E-02  7.13617152E-03  1.06968597E-04
8.05757542E-02  7.12896253E-03  1.06701223E-04
8.08594341E-02  7.00015092E-03  1.08020969E-04
8.11431135E-02  7.02141851E-03  1.07253774E-04
8.14267926E-02  6.76249340E-03  1.06642117E-04
8.17104713E-02  6.90248397E-03  1.06477802E-04
8.19941496E-02  6.66797949E-03  1.07110447E-04
8.22778275E-02  7.04224815E-03  1.06681629E-04
8.25615050E-02  6.76941208E-03  1.05935040E-04
8.28451821E-02  6.84869136E-03  1.06752645E-04
8.31288588E-02  6.62224729E-03  1.05284030E-04
8.34125351E-02  6.60034750E-03  1.03826952E-04
8.36962110E-02  6.75783763E-03  1.03244214E-04
8.39798864E-02  6.70153718E-03  1.02533299E-04
8.42635615E-02  6.55964646E-03  1.05044969E-04
8.45472361E-02  6.83862021E-03  1.04217268E-04
8.48309103E-02  6.57811469E-03  1.04057632E-04
8.51145841E-02  6.50349944E-03  1.03981577E-04
8.53982575E-02  6.56740356E-03  1.02734476E-04
8.56819305E-02  6.57836561E-03  1.03923470E-04
8.59656030E-02  6.62233150E-03  1.02824262E-04
8.62492752E-02  6.38440388E-03  1.03555841E-04
8.65329469E-02  6.54632633E-03  1.03511770E-04
8.68166182E-02  6.49333063E-03  1.02478306E-04
8.71002890E-02  6.43935356E-03  1.03640709E-04
8.73839595E-02  6.41401133E-03  1.01821369E-04
8.76676295E-02  6.45356231E-03  1.03455401E-04
8.79512991E-02  6.34690812E-03  1.01694934E-04
8.82349682E-02  6.23716055E-03  1.02902820E-04
8.85186369E-02  6.29381297E-03  1.02741926E-04
8.88023052E-02  6.26702718E-03  1.01722665E-04
8.90859730E-02  6.14274048E-03  1.01654790E-04
8.93696404E-02  6.10623460E-03  1.02026288E-04
8.96533074E-02  6.26385114E-03  1.02286996E-04
8.99369740E-02  6.14174437E-03  1.01577055E-04
9.02206400E-02  5.98682938E-03  1.01683968E-04
9.05043057E-02  5.95667538E-03  1.01664702E-04
9.07879709E-02  5.97389790E-03  1.01312738E-04
9.10716357E-02  6.01162936E-03  1.00501541E-04
9.13553000E-02  6.00889686E-03  1.01461778E-04
9.16389639E-02  6.03605795E-03  1.01272102E-04
9.19226273E-02  6.02950676E-03  1.02396201E-04
9.22062902E-02  5.99550640E-03  9.96542766E-05
9.24899528E-02  6.17540023E-03  1.00949745E-04
9.27736148E-02  5.94671937E-03  9.97420276E-05
9.30572764E-02  5.86830055E-03  1.01129025E-04
9.33409376E-02  5.83649717E-03  1.00376769E-04
9.36245983E-02  5.82086336E-03  9.99513709E-05
9.39082585E-02  5.65687872E-03  9.95566725E-05
9.41919183E-02  5.81852691E-03  9.90123728E-05
9.44755777E-02  5.90165552E-03  1.00017235E-04
9.47592365E-02  5.72462320E-03  9.92891135E-05
9.50428949E-02  5.59579991E-03  9.94235822E-05
9.53265528E-02  5.88620953E-03  9.95438435E-05
9.56102103E-02  5.76565048E-03  9.92496922E-05
9.58938673E-02  5.72704963E-03  9.84054117E-05
9.61775238E-02  5.68420254E-03  9.94950370E-05
9.64611799E-02  5.73274649E-03  9.97253115E-05
9.67448355E-02  5.69257605E-03  9.97468589E-05
9.70284906E-02  5.52643724E-03  9.82428795E-05
9.73121452E-02  5.58526468E-03  9.90010273E-05
9.75957994E-02  5.40536597E-03  9.86089227E-05
9.78794530E-02  5.42720328E-03  9.81929243E-05
9.81631062E-02  5.48789652E-03  9.82371144E-05
9.84467589E-02  5.31169631E-03  9.82503184E-05
9.87304112E-02  5.46980142E-03  9.83982976E-05
9.90140629E-02  5.35464136E-03  9.89037428E-05
9.92977142E-02  5.35034346E-03  9.69934586E-05
9.95813650E-02  5.48884720E-03  9.80222618E-05
9.98650153E-02  5.32162775E-03  9.75595429E-05
1.00148665E-01  5.28210857E-03  9.85070294E-05
1.00432314E-01  5.33514181E-03  9.69230405E-05
1.00715963E-01  5.28281253E-03  9.38699041E-05
1.00999612E-01  5.27483457E-03  9.25444197E-05
1.01283259E-01  5.22678338E-03  9.33831607E-05
1.01566907E-01  5.23233439E-03  9.48604787E-05
1.01850554E-01  5.19723641E-03  9.49544786E-05
1.02134200E-01  5.07975196E-03  9.45570700E-05
1.02417846E-01  5.17848495E-03  9.44412977E-05
1.02701491E-01  5.00937795E-03  9.56936687E-05
1.02985136E-01  5.16283967E-03  9.40264274E-05
1.03268780E-01  5.15662068E-03  9.54082989E-05
1.03552424E-01  5.07520223E-03  9.56108734E-05
1.03836067E-01  5.13476214E-03  9.45658920E-05
1.04119710E-01  5.23991976E-03  9.51870578E-05
1.04403353E-01  4.72621323E-03  9.49062026E-05
1.04686994E-01  4.90674624E-03  9.42515513E-05
1.04970636E-01  4.85558862E-03  9.52161300E-05
1.05254276E-01  4.92691758E-03  9.49003433E-05
1.05537917E-01  4.98143215E-03  9.49383703E-05
1.05821556E-01  4.69759122E-03  9.46127564E-05
1.06105196E-01  4.80876930E-03  9.42245284E-05
1.06388834E-01  4.60326916E-03  9.38886359E-05
1.06672473E-01  4.92572765E-03  9.38022664E-05
1.06956110E-01  4.68873222E-03  9.49879844E-05
1.07239747E-01  4.82371844E-03  9.33366032E-05
1.07523384E-01  4.65071912E-03  9.46330946E-05
1.07807020E-01  4.76175075E-03  9.35759884E-05
1.08090656E-01  4.63309901E-03  9.36590338E-05
1.08374291E-01  4.80342346E-03  9.41199123E-05
1.08657925E-01  4.79762078E-03  9.37814959E-05
1.08941559E-01  4.66311434E-03  9.38483656E-05
1.09225192E-01  4.70499903E-03  9.33364062E-05
1.09508825E-01  4.56631053E-03  9.40782783E-05
1.09792458E-01  4.76003106E-03  9.35493535E-05
1.10076090E-01  4.50067343E-03  9.35906156E-05
1.10359721E-01  4.55872596E-03  9.29528419E-05
1.10643352E-01  4.54954191E-03  9.26616111E-05
1.10926982E-01  4.47409171E-03  9.31362344E-05
1.11210611E-01  4.48696732E-03  9.24611014E-05
1.11494241E-01  4.54948950E-03  9.31597294E-05
1.11777869E-01  4.44164247E-03  9.34825943E-05
1.12061497E-01  4.46042544E-03  9.27983311E-05
1.12345125E-01  4.52414758E-03  9.30572084E-05
1.12628752E-01  4.34581707E-03  9.21357587E-05
1.12912378E-01  4.27081538E-03  9.31171449E-05
1.13196004E-01  4.35668021E-03  9.18448828E-05
1.13479629E-01  4.32286011E-03  9.22811218E-05
1.13763254E-01  4.28931978E-03  9.27793630E-05
1.14046878E-01  4.25140728E-03  9.14264942E-05
1.14330501E-01  4.26270619E-03  9.24526117E-05
1.14614124E-01  4.32199625E-03  9.26300599E-05
1.14897747E-01  4.25047681E-03  9.20302354E-05
1.15181369E-01  4.17477530E-03  9.15470086E-05
1.15464990E-01  4.15601111E-03  9.07649062E-05
1.15748611E-01  4.01722177E-03  9.14145889E-05
1.16032231E-01  4.27224034E-03  9.12962649E-05
1.16315851E-01  4.18916137E-03  9.11804009E-05
1.16599470E-01  4.14161111E-03  9.16878240E-05
1.16883088E-01  4.16522784E-03  9.04149175E-05
1.17166706E-01  4.18481513E-03  9.16227550E-05
1.17450324E-01  3.98030224E-03  8.99174420E-05
1.17733940E-01  4.03235852E-03  9.03868744E-05
1.18017557E-01  3.97024898E-03  9.31209443E-05
1.18301172E-01  3.83461143E-03  9.41208986E-05
1.18584787E-01  3.89900021E-03  9.52871668E-05
1.18868402E-01  3.96686108E-03  9.54915153E-05
1.19152016E-01  3.72592700E-03  9.65082769E-05
1.19435629E-01  3.77359865E-03  9.70235782E-05
1.19719242E-01  3.92714492E-03  9.77170743E-05
1.20002854E-01  3.97815949E-03  9.92309784E-05
1.20286465E-01  3.74106083E-03  9.39703880E-05
1.20570076E-01  3.81970425E-03  9.46033641E-05
1.20853687E-01  3.90583465E-03  9.47478101E-05
1.21137297E-01  3.79466641E-03  9.43990257E-05
1.21420906E-01  3.76183143E-03  9.39922120E-05
1.21704514E-01  3.57841079E-03  9.31102495E-05
1.21988122E-01  3.53032885E-03  9.35901224E-05
1.22271730E-01  3.71071835E-03  9.16358525E-05
1.22555337E-01  3.70756349E-03  9.28732389E-05
1.22838943E-01  3.56420982E-03  9.21045619E-05
1.23122548E-01  3.60576027E-03  9.26111946E-05
1.23406153E-01  3.75633868E-03  9.22767066E-05
1.23689758E-01  3.69911117E-03  9.14381177E-05
1.23973361E-01  3.62420949E-03  9.14182481E-05
1.24256965E-01  3.46045045E-03  9.20368682E-05
1.24540567E-01  3.46210201E-03  9.09889289E-05
1.24824169E-01  3.59783355E-03  9.14942105E-05
1.25107771E-01  3.38495429E-03  9.06818729E-05
1.25391371E-01  3.51085198E-03  9.05981635E-05
1.25674971E-01  3.35601513E-03  9.00559536E-05
1.25958571E-01  3.38693322E-03  9.03308155E-05
1.26242170E-01  3.28360072E-03  9.05756190E-05
1.26525768E-01  3.53086889E-03  9.06298556E-05
1.26809366E-01  3.43272363E-03  9.07315955E-05
1.27092963E-01  3.53493149E-03  8.94683602E-05
1.27376559E-01  3.24654361E-03  8.92316768E-05
1.27660155E-01  3.23027439E-03  8.91247217E-05
1.27943750E-01  3.35052768E-03  8.90241217E-05
1.28227345E-01  3.25132396E-03  9.13929255E-05
1.28510939E-01  3.45965667E-03  9.17611317E-05
1.28794532E-01  3.33598371E-03  9.43161224E-05
1.29078125E-01  3.33453032E-03  9.32938745E-05
1.29361717E-01  3.22732661E-03  9.51811685E-05
1.29645308E-01  3.30188194E-03  9.51803710E-05
1.29928899E-01  3.34455336E-03  9.59858889E-05
1.30212489E-01  3.33877176E-03  9.75244693E-05
1.30496078E-01  3.09935800E-03  9.61952096E-05
1.30779667E-01  3.03889948E-03  9.68378331E-05
1.31063255E-01  3.15598569E-03  9.68695904E-05
1.31346843E-01  2.91628551E-03  9.68636234E-05
1.31630430E-01  3.08993214E-03  9.76261304E-05
1.31914016E-01  3.11970263E-03  9.71641198E-05
1.32197602E-01  3.08860944E-03  9.84865049E-05
1.32481187E-01  2.94557435E-03  9.71261039E-05
1.32764771E-01  2.96625839E-03  9.80622919E-05
1.33048355E-01  2.98263268E-03  9.87988130E-05
1.33331938E-01  3.01983996E-03  9.42208585E-05
1.33615520E-01  3.08564480E-03  9.33726087E-05
1.33899102E-01  2.79136537E-03  9.15690807E-05
1.34182683E-01  2.91922607E-03  9.09560155E-05
1.34466263E-01  2.77698059E-03  9.08679142E-05
1.34749843E-01  2.83640865E-03  8.88812331E-05
1.35033422E-01  2.83811326E-03  9.03448893E-05
1.35317001E-01  2.85054169E-03  8.90411312E-05
1.35600578E-01  2.66666249E-03  9.00585545E-05
1.35884156E-01  2.96246390E-03  8.81596654E-05
1.36167732E-01  2.84079611E-03  8.86390741E-05
1.36451308E-01  2.79864026E-03  8.91402138E-05
1.36734883E-01  2.66668301E-03  8.76065094E-05
1.37018457E-01  2.77532898E-03  8.67373662E-05
1.37302031E-01  2.58876116E-03  8.59810208E-05
1.37585604E-01  2.83374786E-03  8.64171869E-05
1.37869177E-01  2.73470370E-03  8.54146099E-05
1.38152748E-01  2.59435092E-03  8.55100311E-05
1.38436319E-01  2.59076399E-03  8.54929209E-05
1.38719890E-01  2.74322368E-03  8.59094952E-05
1.39003460E-01  2.60727283E-03  8.60088035E-05
1.39287029E-01  2.52963039E-03  8.64244070E-05
1.39570597E-01  2.62758191E-03  8.58297131E-05
1.39854165E-01  2.60463807E-03  8.68507666E-05
1.40137732E-01  2.45353410E-03  8.60094557E-05
1.40421298E-01  2.72342183E-03  8.67850127E-05
1.40704864E-01  2.57432441E-03  8.63360195E-05
1.40988428E-01  2.49456854E-03  8.64967402E-05
1.41271993E-01  2.46279540E-03  8.55554278E-05
1.41555556E-01  2.49006876E-03  8.51348902E-05
1.41839119E-01  2.27559391E-03  8.60802198E-05
1.42122681E-01  2.44199374E-03  8.53096042E-05
1.42406243E-01  2.44841095E-03  8.65185631E-05
1.42689803E-01  2.38572975E-03  8.53231106E-05
1.42973364E-01  2.55846935E-03  8.52840705E-05
1.43256923E-01  2.57377776E-03  8.58559465E-05
1.43540482E-01  2.40685046E-03  8.47179601E-05
1.43824040E-01  2.39147955E-03  8.51756328E-05
1.44107597E-01  2.29263181E-03  8.48180653E-05
1.44391153E-01  2.23845489E-03  8.54967106E-05
1.44674709E-01  2.50331485E-03  8.51349764E-05
1.44958264E-01  2.27373152E-03  8.40009387E-05
1.45241819E-01  2.29537550E-03  8.48564451E-05
1.45525373E-01  2.23105067E-03  8.41882968E-05
1.45808926E-01  2.13151233E-03  8.49979319E-05
1.46092478E-01  2.31497140E-03  8.46237333E-05
1.46376029E-01  2.08216463E-03  8.40170347E-05
1.46659580E-01  2.27070665E-03  8.48338033E-05
1.46943130E-01  2.12720066E-03  8.45568785E-05
1.47226680E-01  2.28853332E-03  8.44088169E-05
1.47510229E-01  2.21699053E-03  8.38648368E-05
1.47793777E-01  2.16657588E-03  8.39743787E-05
1.48077324E-01  2.17198360E-03  8.37991095E-05
1.48360870E-01  2.12810119E-03  8.31517880E-05
1.48644416E-01  2.19007788E-03  8.37062093E-05
1.48927961E-01  2.25516748E-03  8.35144503E-05
1.49211506E-01  2.08750056E-03  8.35952088E-05
1.49495049E-01  2.06743059E-03  8.43237498E-05
1.49778592E-01  2.03130591E-03  8.25452564E-05
1.50062134E-01  1.98121362E-03  8.33741104E-05
1.50345676E-01  2.01663390E-03  8.24697015E-05
1.50629216E-01  2.03208552E-03  8.37075488E-05
1.50912756E-01  2.00822709E-03  8.32140497E-05
1.51196296E-01  1.95588954E-03  8.32651940E-05
1.51479834E-01  1.85639535E-03  8.28443016E-05
1.51763372E-01  2.02978535E-03  8.27631229E-05
1.52046909E-01  1.98363826E-03  8.29909789E-05
1.52330445E-01  1.88753608E-03  8.25179581E-05
1.52613981E-01  1.94115569E-03  8.24842689E-05
1.52897515E-01  1.84640257E-03  8.26350679E-05
1.53181049E-01  1.91629538E-03  8.20165940E-05
1.53464583E-01  1.96267973E-03  8.28592114E-05
1.53748115E-01  1.87936500E-03  8.21037670E-05
1.54031647E-01  1.84765911E-03  8.20577870E-05
1.54315178E-01  1.77896322E-03  8.15724272E-05
1.54598708E-01  1.95899951E-03  8.00996522E-05
1.54882238E-01  2.00386362E-03  8.13174514E-05
1.55165766E-01  1.72844626E-03  8.03910569E-05
1.55449294E-01  1.90030429E-03  8.09009385E-05
1.55732822E-01  1.70343281E-03  8.11488253E-05
1.56016348E-01  1.74713063E-03  8.11496642E-05
1.56299874E-01  1.93243523E-03  8.09110901E-05
1.56583399E-01  1.87791439E-03  8.00192750E-05
1.56866923E-01  1.91963291E-03  8.11471031E-05
1.57150446E-01  1.73075442E-03  8.03872800E-05
1.57433969E-01  1.76564346E-03  8.04331158E-05
1.57717491E-01  1.57757146E-03  8.05357251E-05
1.58001012E-01  1.60092753E-03  8.02997355E-05
1.58284532E-01  1.80751199E-03  8.07972937E-05
1.58568052E-01  1.68350989E-03  8.05178894E-05
1.58851570E-01  1.67305984E-03  8.02155624E-05
1.59135088E-01  1.62741621E-03  7.98467306E-05
1.59418606E-01  1.78535187E-03  8.01398405E-05
1.59702122E-01  1.64205674E-03  8.06411796E-05
1.59985638E-01  1.70217005E-03  7.96678514E-05
1.60269152E-01  1.76197081E-03  8.02860442E-05
1.60552667E-01  1.61370608E-03  7.97424448E-05
1.60836180E-01  1.58051172E-03  7.82511314E-05
1.61119692E-01  1.57407971E-03  7.79450481E-05
1.61403204E-01  1.61686862E-03  7.84230296E-05
1.61686715E-01  1.45627763E-03  7.95165461E-05
1.61970225E-01  1.54003493E-03  7.85899148E-05
1.62253734E-01  1.48808687E-03  7.96377654E-05
1.62537243E-01  1.39874488E-03  7.94726802E-05
1.62820751E-01  1.59677812E-03  7.92128143E-05
1.63104258E-01  1.44897146E-03  7.96218770E-05
1.63387764E-01  1.52317443E-03  7.94727958E-05
1.63671269E-01  1.50961581E-03  7.91731698E-05
1.63954774E-01  1.39111490E-03  7.85258722E-05
1.64238278E-01  1.35700666E-03  7.95502005E-05
1.64521780E-01  1.36723926E-03  7.93744925E-05
1.64805283E-01  1.41828224E-03  7.90921869E-05
1.65088784E-01  1.42924231E-03  7.88398864E-05
1.65372285E-01  1.25757214E-03  7.91379431E-05
1.65655784E-01  1.48241115E-03  7.90739607E-05
1.65939283E-01  1.35158410E-03  7.84178039E-05
1.66222781E-01  1.36052425E-03  7.88018542E-05
1.66506279E-01  1.34016787E-03  7.85074846E-05
1.66789775E-01  1.36057096E-03  7.86292841E-05
1.67073271E-01  1.29286152E-03  7.87034339E-05
1.67356766E-01  1.34092742E-03  7.85154320E-05
1.67640260E-01  1.39082558E-03  7.85260542E-05
1.67923753E-01  1.15458574E-03  7.85690347E-05
1.68207245E-01  1.24382997E-03  7.79406505E-05
1.68490737E-01  1.24882158E-03  7.85517530E-05
1.68774227E-01  1.30306148E-03  7.83143834E-05
1.69057717E-01  1.35932544E-03  7.77713190E-05
1.69341206E-01  1.35806090E-03  7.80014629E-05
1.69624695E-01  1.18084785E-03  7.74460238E-05
1.69908182E-01  1.34098340E-03  7.81411930E-05
1.70191669E-01  1.19298763E-03  7.79234164E-05
1.70475154E-01  1.25609514E-03  7.80849052E-05
1.70758639E-01  1.37690118E-03  7.77202051E-05
1.71042124E-01  1.16834408E-03  7.78949595E-05
1.71325607E-01  1.22755488E-03  7.75179643E-05
1.71609089E-01  1.18979016E-03  7.62444989E-05
1.71892571E-01  9.91330341E-04  7.59660482E-05
1.72176052E-01  1.21268247E-03  7.55601562E-05
1.72459531E-01  1.18938183E-03  7.68724984E-05
1.72743010E-01  1.09591619E-03  7.64426065E-05
1.73026489E-01  1.06854085E-03  7.55794132E-05
1.73309966E-01  1.02141352E-03  7.70153970E-05
1.73593443E-01  1.11926324E-03  7.62051566E-05
1.73876918E-01  1.08230041E-03  7.68115393E-05
1.74160393E-01  1.13676157E-03  7.65123124E-05
1.74443867E-01  1.11037934E-03  7.55553132E-05
1.74727340E-01  1.06879046E-03  7.68499854E-05
1.75010812E-01  1.10015393E-03  7.57369814E-05
1.75294284E-01  9.58233447E-04  7.63177996E-05
1.75577754E-01  9.90410985E-04  7.54621511E-05
1.75861224E-01  1.06850497E-03  7.54338109E-05
1.76144693E-01  1.20238568E-03  7.63353842E-05
1.76428161E-01  9.85965772E-04  7.52213331E-05
1.76711628E-01  1.06870187E-03  7.64886024E-05
1.76995094E-01  1.03321044E-03  7.58857024E-05
1.77278559E-01  1.03152169E-03  7.57824333E-05
1.77562024E-01  9.98827881E-04  7.55979422E-05
1.77845488E-01  9.23927954E-04  7.56466780E-05
1.78128950E-01  1.06157672E-03  7.55080660E-05
1.78412412E-01  1.04478733E-03  7.59192634E-05
1.78695873E-01  1.03079732E-03  7.57033098E-05
1.78979333E-01  9.80526087E-04  7.58215393E-05
1.79262793E-01  8.50468868E-04  7.58443686E-05
1.79546251E-01  9.99595410E-04  7.59939751E-05
1.79829709E-01  9.45680263E-04  7.51528687E-05
1.80113165E-01  8.62735509E-04  7.54702019E-05
1.80396621E-01  9.12502229E-04  7.52778374E-05
1.80680076E-01  9.39714612E-04  7.59874631E-05
1.80963530E-01  9.93420724E-04  7.52623765E-05
1.81246983E-01  9.28401858E-04  7.54359262E-05
1.81530435E-01  1.12082446E-03  7.53346477E-05
1.81813887E-01  9.08869334E-04  7.52525540E-05
1.82097337E-01  9.83265532E-04  7.54492655E-05
1.82380787E-01  8.89583080E-04  7.50928256E-05
1.82664235E-01  8.77895232E-04  7.51769881E-05
1.82947683E-01  9.89673321E-04  7.46895162E-05
1.83231130E-01  8.65100625E-04  7.52022099E-05
1.83514576E-01  7.57256291E-04  7.47704198E-05
1.83798021E-01  8.79997104E-04  7.49365078E-05
1.84081465E-01  1.05272144E-03  7.46076625E-05
1.84364908E-01  7.77099759E-04  7.50544355E-05
1.84648351E-01  8.30433067E-04  7.43782741E-05
1.84931792E-01  8.52730149E-04  7.44589759E-05
1.85215233E-01  8.92420222E-04  7.45055970E-05
1.85498672E-01  8.16467062E-04  7.46800825E-05
1.85782111E-01  7.30427476E-04  7.48485010E-05
1.86065549E-01  7.59315095E-04  7.45893722E-05
1.86348986E-01  8.03983596E-04  7.48189995E-05
1.86632422E-01  7.02997956E-04  7.37730604E-05
1.86915857E-01  8.11053717E-04  7.45530920E-05
1.87199291E-01  7.28898082E-04  7.40342697E-05
1.87482725E-01  8.76642038E-04  7.43236554E-05
1.87766157E-01  7.30294126E-04  7.44418961E-05
1.88049588E-01  7.71974375E-04  7.37328156E-05
1.88333019E-01  6.55861363E-04  7.56799360E-05
1.88616449E-01  8.00560343E-04  7.68619500E-05
1.88899877E-01  7.43965159E-04  7.71682627E-05
1.89183305E-01  7.74621857E-04  7.71182377E-05
1.89466732E-01  7.35480979E-04  7.72328088E-05
1.89750158E-01  7.20851895E-04  7.86197752E-05
1.90033583E-01  8.00470901E-04  7.79347241E-05
1.90317007E-01  6.35044261E-04  7.89191725E-05
1.90600430E-01  8.02092333E-04  7.88934022E-05
1.90883852E-01  6.27604646E-04  7.91571574E-05
1.91167273E-01  6.93012489E-04  7.92793120E-05
1.91450694E-01  6.62314267E-04  7.89679028E-05
1.91734113E-01  7.28620630E-04  7.98414704E-05
1.92017532E-01  5.98477516E-04  7.91547785E-05
1.92300949E-01  7.06306263E-04  8.01925691E-05
1.92584366E-01  8.14318554E-04  8.00973419E-05
1.92867781E-01  6.54875605E-04  7.99516497E-05
1.93151196E-01  6.68552188E-04  8.05404860E-05
1.93434610E-01  5.11837943E-04  7.78430086E-05
1.93718023E-01  5.55881644E-04  7.71504342E-05
1.94001434E-01  6.89242807E-04  7.64775725E-05
1.94284845E-01  5.45361022E-04  7.55618453E-05
1.94568255E-01  6.22935991E-04  7.62411345E-05
1.94851664E-01  6.80855261E-04  7.51054343E-05
1.95135072E-01  7.04331295E-04  7.55293734E-05
1.95418479E-01  5.31440312E-04  7.47835486E-05
1.95701886E-01  7.12209548E-04  7.53685129E-05
1.95985291E-01  5.69865680E-04  7.49520024E-05
1.96268695E-01  5.84450603E-04  7.48488121E-05
1.96552098E-01  4.71730929E-04  7.46617515E-05
1.96835501E-01  4.69163317E-04  7.44668734E-05
1.97118902E-01  6.34952882E-04  7.46782602E-05
1.97402302E-01  5.89666247E-04  7.43694902E-05
1.97685702E-01  6.29199239E-04  7.44207020E-05
1.97969100E-01  5.30553854E-04  7.42849320E-05
1.98252498E-01  5.04751630E-04  7.34204928E-05
1.98535894E-01  5.72552168E-04  7.40038191E-05
1.98819290E-01  6.86173477E-04  7.40602527E-05
1.99102684E-01  6.30384792E-04  7.36889826E-05
1.99386078E-01  6.58370808E-04  7.43524689E-05
1.99669470E-01  5.25233168E-04  7.31188042E-05
1.99952862E-01  6.10062080E-04  7.42905708E-05
2.00236253E-01  4.03097576E-04  7.35811469E-05
2.00519642E-01  5.07520260E-04  7.35231002E-05
2.00803031E-01  4.73496188E-04  7.31561819E-05
2.01086419E-01  4.69930318E-04  7.32300265E-05
2.01369806E-01  5.19103087E-04  7.34426388E-05
2.01653191E-01  5.26266894E-04  7.31771662E-05
2.01936576E-01  5.13824886E-04  7.37091129E-05
2.02219960E-01  5.59140234E-04  7.34604314E-05
2.02503343E-01  5.21465044E-04  7.33302889E-05
2.02786725E-01  5.70535592E-04  7.30227472E-05
2.03070105E-01  4.18175763E-04  7.25707159E-05
2.03353485E-01  5.57144525E-04  7.31324883E-05
2.03636864E-01  4.93222516E-04  7.29497582E-05
2.03920242E-01  5.83242793E-04  7.27645349E-05
2.04203619E-01  5.53928124E-04  7.31351272E-05
2.04486995E-01  5.29595038E-04  7.20737163E-05
2.04770369E-01  6.33585130E-04  7.26897816E-05
2.05053743E-01  4.24299463E-04  7.20932939E-05
2.05337116E-01  4.24738354E-04  7.28219681E-05
2.05620488E-01  5.20152694E-04  7.20207125E-05
2.05903859E-01  4.16826659E-04  7.20290728E-05
2.06187229E-01  4.29814888E-04  7.15598970E-05
2.06470597E-01  3.70401949E-04  7.04119950E-05
2.06753965E-01  4.72831223E-04  7.10065751E-05
2.07037332E-01  3.95847015E-04  7.13436276E-05
2.07320698E-01  5.57343186E-04  7.12146630E-05
2.07604062E-01  3.75551364E-04  7.16132235E-05
2.07887426E-01  3.90907635E-04  7.07727195E-05
2.08170789E-01  4.70860213E-04  7.15303847E-05
2.08454151E-01  3.69146418E-04  7.10373507E-05
2.08737511E-01  3.68987384E-04  7.12141247E-05
2.09020871E-01  4.13024986E-04  7.13473791E-05
2.09304230E-01  3.58936385E-04  7.10876024E-05
2.09587587E-01  5.11835976E-04  7.09607341E-05
2.09870944E-01  3.53955516E-04  7.09940062E-05
2.10154300E-01  4.23287989E-04  7.10648103E-05
2.10437654E-01  5.96941199E-04  7.08191934E-05
2.10721008E-01  3.66248180E-04  7.11472220E-05
2.11004360E-01  4.03374105E-04  7.09559325E-05
2.11287712E-01  3.81069347E-04  7.06255906E-05
2.11571062E-01  3.72438457E-04  7.12037562E-05
2.11854411E-01  3.80534935E-04  7.08484241E-05
2.12137760E-01  2.70842566E-04  7.13266197E-05
2.12421107E-01  3.67057956E-04  7.07437216E-05
2.12704453E-01  2.65450274E-04  7.06658913E-05
2.12987799E-01  4.03003916E-04  7.09457182E-05
2.13271143E-01  2.63703350E-04  7.05125196E-05
2.13554486E-01  3.11329127E-04  7.03076011E-05
2.13837828E-01  2.97832552E-04  7.05288214E-05
2.14121169E-01  5.38618614E-04  7.07143507E-05
2.14404509E-01  3.61402248E-04  7.11497094E-05
2.14687848E-01  5.05646405E-04  6.97310438E-05
2.14971186E-01  2.51035734E-04  7.05938716E-05
2.15254523E-01  2.42269345E-04  7.04533021E-05
2.15537859E-01  2.59350841E-04  7.05113109E-05
2.15821194E-01  3.80070687E-04  7.06961355E-05
2.16104527E-01  3.36048718E-04  7.00651499E-05
2.16387860E-01  3.53581703E-04  7.02400890E-05
2.16671192E-01  4.11560215E-04  7.01629302E-05
2.16954522E-01  2.83568573E-04  7.02655918E-05
2.17237852E-01  3.81673914E-04  7.01310054E-05
2.17521180E-01  3.39444983E-04  6.97052699E-05
2.17804508E-01  2.92417191E-04  7.01816886E-05
2.18087834E-01  2.60318863E-04  6.95674326E-05
2.18371159E-01  1.73524140E-04  7.01393745E-05
2.18654483E-01  2.91046310E-04  6.95838297E-05
2.18937806E-01  2.05549285E-04  6.94074351E-05
2.19221128E-01  1.04552808E-04  7.00564579E-05
2.19504449E-01  3.68477868E-04  6.92408317E-05
2.19787769E-01  3.49423719E-04  6.97100479E-05
2.20071088E-01  3.28988105E-04  6.92745222E-05
2.20354406E-01  3.01939635E-04  6.98459066E-05
2.20637722E-01  2.87421309E-04  6.92489310E-05
2.20921038E-01  2.46524915E-04  6.77680055E-05
2.21204353E-01  3.60493100E-04  6.80674240E-05
2.21487666E-01  3.33121020E-04  6.82217458E-05
2.21770978E-01  3.76532599E-04  6.86599976E-05
2.22054290E-01  3.49899536E-04  6.90397882E-05
2.22337600E-01  3.82249656E-04  6.87513415E-05
2.22620909E-01  2.91368941E-04  6.91819211E-05
2.22904217E-01  2.13777195E-04  6.82597018E-05
2.23187524E-01  3.00979254E-04  6.90054207E-05
2.23470830E-01  3.11618770E-04  6.81876105E-05
2.23754134E-01  3.36483745E-04  6.72463193E-05
2.24037438E-01  3.11339486E-04  6.78129530E-05
2.24320740E-01  2.48456330E-04  6.74114801E-05
2.24604042E-01  1.83748660E-04  6.83577546E-05
2.24887342E-01  3.66524809E-04  6.77813307E-05
2.25170641E-01  4.22976625E-04  6.78134965E-05
2.25453940E-01  2.01809945E-04  6.80089421E-05
2.25737237E-01  3.42826209E-04  6.79584500E-05
2.26020533E-01  1.91803147E-04  6.78313985E-05
2.26303827E-01  3.78325404E-04  6.76589943E-05
2.26587121E-01  3.51933950E-04  6.79717662E-05
2.26870414E-01  1.75047889E-04  6.78155252E-05
2.27153705E-01  3.62607047E-04  6.75862139E-05
2.27436996E-01  2.24913384E-04  6.84298963E-05
2.27720285E-01  3.26642582E-04  6.76775054E-05
2.28003573E-01  3.13527425E-04  6.81786026E-05
2.28286860E-01  2.29132628E-04  6.76941520E-05
2.28570146E-01  1.79133611E-04  6.77141748E-05
2.28853431E-01  9.53701424E-05  6.82617195E-05
2.29136715E-01  3.12943722E-04  6.80445832E-05
2.29419997E-01  2.05208261E-04  6.84706092E-05
2.29703279E-01  1.69744734E-04  6.74769242E-05
2.29986559E-01  2.07223645E-04  6.82293229E-05
2.30269838E-01  2.12235384E-04  6.76739644E-05
2.30553117E-01  3.01564849E-04  6.77483487E-05
2.30836394E-01  2.11150339E-04  6.79875240E-05
2.31119669E-01  2.11784623E-04  6.73822280E-05
2.31402944E-01  2.56280157E-04  6.81326141E-05
2.31686218E-01  1.21837353E-04  6.73919550E-05
2.31969490E-01  2.66003550E-04  6.73855566E-05
2.32252761E-01  1.91161075E-04  6.77607224E-05
2.32536032E-01  2.00322619E-04  6.74045936E-05
2.32819301E-01  2.53718681E-04  6.75838214E-05
2.33102569E-01  2.51083068E-04  6.68396556E-05
2.33385835E-01  1.94121841E-04  6.74301309E-05
2.33669101E-01  1.96664888E-04  6.76622873E-05
2.33952366E-01  2.69070019E-04  6.71612170E-05
2.34235629E-01  2.68871365E-04  6.74422312E-05
2.34518891E-01  1.76043997E-04  6.72776930E-05
2.34802152E-01  2.17171832E-04  6.73772258E-05
2.35085412E-01  9.39157198E-05  6.73582897E-05
2.35368671E-01  2.07748316E-04  6.72706904E-05
2.35651929E-01  1.83873874E-04  6.70393736E-05
2.35935185E-01  2.31259541E-04  6.69567292E-05
2.36218440E-01  2.04735921E-04  6.73262873E-05
2.36501694E-01  1.99801428E-04  6.70539093E-05
2.36784947E-01  1.66895022E-04  6.70904875E-05
2.37068199E-01  1.10237235E-04  6.72610128E-05
2.37351450E-01  2.99852101E-04  6.66611643E-05
2.37634700E-01  1.51722722E-04  6.69148048E-05
2.37917948E-01  2.38869654E-04  6.63436195E-05
2.38201195E-01  1.65919461E-04  6.68839451E-05
2.38484441E-01  1.99806435E-04  6.69498725E-05
2.38767686E-01  2.58426917E-04  6.67032897E-05
2.39050930E-01  2.37066652E-04  6.70233711E-05
2.39334172E-01  2.22534737E-04  6.63222084E-05
2.39617414E-01  2.66010382E-04  6.69493654E-05
2.39900654E-01  2.50858191E-04  6.59032949E-05
2.40183893E-01  1.95896727E-04  6.66015877E-05
2.40467131E-01  1.72097987E-04  6.66667437E-05
2.40750368E-01  1.08503076E-04  6.56088526E-05
2.41033603E-01  2.28036094E-04  6.54105136E-05
2.41316837E-01  1.76024684E-04  6.48714888E-05
2.41600071E-01  1.59533621E-04  6.56609436E-05
2.41883302E-01  2.86554492E-04  6.54985640E-05
2.42166533E-01  2.82260769E-04  6.55195554E-05
2.42449763E-01  1.83943694E-04  6.61142644E-05
2.42732991E-01  5.67249800E-05  6.51976705E-05
2.43016219E-01  2.06816724E-04  6.58719053E-05
2.43299445E-01  2.29984244E-04  6.60747021E-05
2.43582670E-01  2.62821444E-04  6.61649159E-05
2.43865893E-01  1.88047994E-04  6.60080838E-05
2.44149116E-01  1.28111144E-04  6.50917980E-05
2.44432337E-01  2.39096632E-04  6.57050962E-05
2.44715557E-01  1.98684272E-04  6.50428705E-05
2.44998776E-01  1.83964806E-04  6.56298394E-05
2.45281994E-01  2.19005726E-04  6.58495916E-05
2.45565210E-01  1.53798911E-04  6.56878390E-05
2.45848426E-01  2.22244076E-04  6.57103272E-05
2.46131640E-01  9.57310654E-05  6.57863981E-05
2.46414853E-01  2.11618242E-04  6.59075293E-05
2.46698064E-01  1.39233870E-04  6.58188958E-05
2.46981275E-01  2.97732402E-04  6.52386051E-05
2.47264484E-01  1.75753566E-04  6.58324365E-05
2.47547692E-01  2.02995972E-05  6.48954164E-05
2.47830899E-01  2.20120678E-04  6.55064571E-05
2.48114105E-01  2.51487221E-04  6.52981428E-05
2.48397309E-01  1.04663074E-04  6.46529687E-05
2.48680512E-01  2.44147104E-04  6.64312482E-05
2.48963714E-01  2.17890948E-04  6.70420146E-05
2.49246915E-01  2.32715964E-04  6.83573150E-05
2.49530115E-01  1.80553432E-04  6.83386603E-05
2.49813313E-01  7.76761199E-05  6.89729265E-05
2.50096510E-01  1.02683442E-04  6.89989461E-05
2.50379706E-01  1.54043882E-04  6.93085974E-05
2.50662901E-01  1.47957819E-04  6.93654328E-05
2.50946094E-01  1.50265929E-04  6.91473362E-05
2.51229287E-01  1.74615464E-04  6.95733398E-05
2.51512478E-01  9.89234773E-05  6.94917845E-05
2.51795668E-01  2.05849808E-04  7.00962566E-05
2.52078856E-01  1.73432132E-04  7.01059625E-05
2.52362044E-01  1.71428256E-04  6.98097125E-05
2.52645230E-01  -2.68136302E-05  7.03126785E-05
2.52928415E-01  2.57697604E-04  7.04182911E-05
2.53211598E-01  1.51868667E-04  7.05162124E-05
2.53494781E-01  9.53518471E-05  7.05576810E-05
2.53777962E-01  1.37544708E-04  7.02324102E-05
2.54061142E-01  2.53846171E-04  7.13673864E-05
2.54344320E-01  1.98333976E-04  7.05987759E-05
2.54627498E-01  1.46350163E-04  7.08696576E-05
2.54910674E-01  1.46582232E-04  7.08705423E-05
2.55193849E-01  8.58533348E-05  7.13936396E-05
2.55477023E-01  1.15249404E-04  7.15006899E-05
2.55760195E-01  1.56725001E-04  7.09371871E-05
2.56043366E-01  2.06763274E-04  7.13341213E-05
2.56326536E-01  1.22252944E-04  7.15555557E-05
2.56609705E-01  5.44008896E-05  7.10304643E-05
2.56892873E-01  1.36194593E-04  7.19434902E-05
2.57176039E-01  1.24044460E-04  7.11889633E-05
2.57459204E-01  1.39211787E-05  7.18951139E-05
2.57742367E-01  1.81495485E-04  7.16031093E-05
2.58025530E-01  2.43382338E-04  7.19092561E-05
2.58308691E-01  2.11470497E-04  7.31350935E-05
2.58591851E-01  7.74490040E-05  7.50151074E-05
2.58875010E-01  1.64594482E-04  7.57500825E-05
2.59158167E-01  1.45136530E-04  7.59317527E-05
2.59441323E-01  1.44551142E-04  7.78098780E-05
2.59724478E-01  2.37583924E-04  7.78273552E-05
2.60007632E-01  2.79500077E-04  7.91721233E-05
2.60290784E-01  1.97582222E-04  8.00437477E-05
2.60573935E-01  9.32557924E-05  7.96387425E-05
2.60857085E-01  8.27509586E-05  8.14232927E-05
2.61140233E-01  1.33162465E-04  8.11191577E-05
2.61423381E-01  1.64282235E-04  8.17384455E-05
2.61706526E-01  1.28818864E-04  8.27746234E-05
2.61989671E-01  1.94709103E-04  8.31870500E-05
2.62272815E-01  2.04825469E-04  8.46316934E-05
2.62555957E-01  8.11796781E-05  8.42866175E-05
2.62839098E-01  1.56369601E-04  8.52733391E-05
2.63122237E-01  2.21799586E-04  8.49880764E-05
2.63405375E-01  2.16811979E-04  8.54681351E-05
2.63688512E-01  2.16253955E-04  8.60193592E-05
2.63971648E-01  1.71136302E-04  8.51458450E-05
2.64254782E-01  6.40397105E-05  8.72511964E-05
2.64537916E-01  4.06780065E-04  8.62700795E-05
2.64821047E-01  1.29428158E-04  8.71160475E-05
2.65104178E-01  -2.40384656E-05  8.68586503E-05
2.65387307E-01  1.85363217E-04  8.73869479E-05
2.65670435E-01  1.47815743E-04  8.76170483E-05
2.65953562E-01  1.52455445E-04  8.86359370E-05
2.66236687E-01  2.17411906E-04  8.79273641E-05
2.66519811E-01  9.34718855E-05  8.87610314E-05
2.66802934E-01  6.06843436E-05  8.96756071E-05
2.67086055E-01  9.12572504E-05  8.91629695E-05
2.67369176E-01  1.33925177E-04  8.93129763E-05
2.67652294E-01  -1.34728223E-04  8.94686024E-05
2.67935412E-01  5.62271943E-05  8.97882353E-05
2.68218528E-01  1.40736226E-04  8.91223447E-05
2.68501643E-01  1.71881637E-04  9.03112604E-05
2.68784757E-01  2.24582828E-04  8.97081814E-05
2.69067869E-01  2.27418370E-04  9.05275751E-05
2.69350980E-01  6.12187141E-05  9.09510799E-05
2.69634090E-01  1.98966044E-04  9.20447300E-05
2.69917198E-01  6.75087887E-05  9.10055619E-05
2.70200305E-01  1.47040612E-04  9.13536696E-05
2.70483411E-01  1.89134188E-04  9.20472189E-05
2.70766515E-01  5.59265941E-05  9.16443702E-05
2.71049618E-01  2.28435350E-04  9.26024143E-05
2.71332720E-01  -1.73359628E-05  9.23519885E-05
2.71615820E-01  2.08887542E-04  9.25396623E-05
2.71898919E-01  1.58804136E-04  9.36423364E-05
2.72182017E-01  3.30896337E-04  9.21378798E-05
2.72465114E-01  1.89720609E-04  9.43762091E-05
2.72748209E-01  1.19681021E-04  9.39772797E-05
2.73031303E-01  1.67475296E-04  9.46541592E-05
2.73314395E-01  1.69464753E-04  9.54702699E-05
2.73597486E-01  5.05154847E-05  9.40234589E-05
2.73880576E-01  2.25698041E-04  9.58019341E-05
2.74163664E-01  1.94158981E-04  9.47805550E-05
2.74446751E-01  1.86335721E-04  9.66833232E-05
2.74729837E-01  2.57668556E-04  9.54020360E-05
2.75012922E-01  1.40821399E-04  9.54066192E-05
2.75296005E-01  1.65072422E-04  9.76034402E-05
2.75579086E-01  1.88261489E-04  9.64524190E-05
2.75862167E-01  1.85997568E-04  9.68938405E-05
2.76145246E-01  1.90541548E-04  9.60300518E-05
2.76428324E-01  2.07485767E-04  9.62535245E-05
2.76711400E-01  2.70944488E-04  9.77366765E-05
2.76994475E-01  2.59089091E-04  9.70369460E-05
2.77277549E-01  -6.46081646E-05  9.85792652E-05
2.77560621E-01  2.94253924E-04  9.71499255E-05
2.77843692E-01  1.04063525E-04  9.83844480E-05
2.78126761E-01  1.12649236E-04  9.85273552E-05
2.78409830E-01  1.51910006E-04  9.87278879E-05
2.78692896E-01  6.72627986E-05  1.00012569E-04
2.78975962E-01  5.09063930E-05  9.77571705E-05
2.79259026E-01  -3.76875208E-05  1.00817565E-04
2.79542089E-01  1.77242400E-04  9.90652246E-05
2.79825150E-01  -1.10693782E-05  1.01340903E-04
2.80108210E-01  1.68005772E-04  1.01922389E-04
2.80391269E-01  2.33783885E-04  9.97489669E-05
2.80674326E-01  2.46420034E-04  1.01264839E-04
2.80957382E-01  2.81951575E-04  1.00743031E-04
2.81240437E-01  5.58142479E-05  1.02057910E-04
2.81523490E-01  2.13678641E-04  1.01960819E-04
2.81806542E-01  -7.17567878E-05  1.01631054E-04
2.82089592E-01  2.48870932E-04  1.02305059E-04
2.82372642E-01  1.32924236E-04  1.02555737E-04
2.82655689E-01  4.91671232E-04  1.02829525E-04
2.82938736E-01  2.70243630E-04  1.03019819E-04
2.83221781E-01  1.94637736E-04  1.02979575E-04
2.83504824E-01  1.16681238E-04  1.03589033E-04
2.83787866E-01  1.39785920E-04  1.03529880E-04
2.84070907E-01  3.54153753E-05  1.05136442E-04
2.84353946E-01  1.75324856E-04  1.03275695E-04
2.84636985E-01  2.49967176E-05  1.05551696E-04
2.84920021E-01  7.01688244E-05  1.05700376E-04
2.85203056E-01  3.22499876E-04  1.05470727E-04
2.85486090E-01  6.52506911E-06  1.06701287E-04
2.85769123E-01  8.24501591E-06  1.04447388E-04
2.86052154E-01  6.87265666E-05  1.07517023E-04
2.86335183E-01  1.62025129E-04  1.06854206E-04
2.86618212E-01  1.75013279E-04  1.05803054E-04
2.86901239E-01  -1.14830609E-04  1.09285863E-04
2.87184264E-01  4.93514840E-05  1.05828185E-04
2.87467288E-01  1.35314749E-04  1.09054179E-04
2.87750311E-01  2.19338065E-04  1.07272755E-04
2.88033332E-01  1.25594824E-04  1.08888744E-04
2.88316352E-01  1.31329570E-04  1.10000557E-04
2.88599370E-01  2.76087767E-04  1.07020287E-04
2.88882387E-01  6.77045305E-05  1.10599307E-04
2.89165403E-01  1.88648874E-04  1.07514560E-04
2.89448417E-01  1.29246677E-04  1.10613448E-04
2.89731430E-01  1.91591844E-04  1.08631449E-04
2.90014442E-01  4.43664343E-05  1.08545602E-04
2.90297452E-01  2.81246665E-04  1.10610641E-04
2.90580460E-01  2.52334243E-04  1.07438965E-04
2.90863467E-01  6.23687887E-05  1.10747369E-04
2.91146473E-01  1.08062501E-04  1.09138942E-04
2.91429477E-01  3.06698094E-04  1.10227708E-04
2.91712480E-01  2.55391122E-04  1.12195210E-04
2.91995482E-01  1.58844578E-04  1.09025038E-04
2.92278482E-01  9.42735037E-05  1.12350150E-04
2.92561480E-01  1.01649483E-04  1.10602056E-04
2.92844478E-01  1.24785957E-04  1.13064536E-04
2.93127473E-01  -1.39908176E-05  1.12868630E-04
2.93410468E-01  2.00951794E-04  1.11210572E-04
2.93693461E-01  1.39728989E-04  1.14417747E-04
2.93976452E-01  1.66760868E-04  1.12365405E-04
2.94259442E-01  1.12310602E-04  1.13943218E-04
2.94542431E-01  1.36725118E-04  1.13363295E-04
2.94825418E-01  3.80947196E-05  1.14308041E-04
2.95108404E-01  2.47420068E-04  1.15455416E-04
2.95391388E-01  1.49289896E-04  1.13340956E-04
2.95674371E-01  1.64709895E-04  1.16563050E-04
2.95957352E-01  1.25105984E-04  1.14389950E-04
2.96240332E-01  1.52946471E-04  1.15801243E-04
2.96523311E-01  3.25950395E-04  1.16257567E-04
2.96806288E-01  1.18425118E-04  1.14583445E-04
2.97089263E-01  2.30774890E-04  1.17510753E-04
2.97372237E-01  1.98267976E-04  1.16314645E-04
2.97655210E-01  2.93000330E-05  1.17048412E-04
2.97938181E-01  8.67670850E-05  1.17909319E-04
2.98221151E-01  1.55374510E-04  1.17218644E-04
2.98504120E-01  1.54713731E-04  1.20251199E-04
2.98787087E-01  2.70694344E-04  1.17381161E-04
2.99070052E-01  -1.15552519E-04  1.20206148E-04
2.99353016E-01  3.25451047E-04  1.19734934E-04
2.99635978E-01  1.27329642E-04  1.19635870E-04
2.99918940E-01  1.78712744E-04  1.22295982E-04
3.00201899E-01  3.26923276E-04  1.18413615E-04
3.00484857E-01  2.05245535E-04  1.22943923E-04
3.00767814E-01  1.83099684E-04  1.20597200E-04
3.01050769E-01  1.92041720E-04  1.22768228E-04
3.01333723E-01  2.51734491E-04  1.22074059E-04
3.01616675E-01  2.48670383E-04  1.22186051E-04
3.01899626E-01  3.14298344E-04  1.25495515E-04
3.02182575E-01  1.57878493E-04  1.20754455E-04
3.02465523E-01  3.68462452E-04  1.24038899E-04
3.02748470E-01  1.26498636E-04  1.23687918E-04
3.03031415E-01  1.00971173E-06  1.23947147E-04
3.03314358E-01  -8.39509804E-06  1.27771917E-04
3.03597300E-01  2.52280688E-04  1.23103019E-04
3.03880240E-01  8.84211949E-06  1.26405008E-04
3.04163179E-01  -5.15741568E-05  1.25973599E-04
3.04446117E-01  1.17904495E-04  1.26700833E-04
3.04729053E-01  2.87376924E-04  1.28752851E-04
3.05011987E-01  1.30977274E-04  1.26235905E-04
3.05294920E-01  3.20723773E-04  1.28536260E-04
3.05577852E-01  8.57901994E-05  1.27798054E-04
3.05860782E-01  1.25898932E-04  1.29172465E-04
3.06143711E-01  -1.09091299E-05  1.28131511E-04
3.06426638E-01  -6.06757953E-05  1.31372862E-04
3.06709563E-01  1.62140266E-05  1.32178315E-04
3.06992487E-01  1.45077321E-04  1.29523268E-04
3.07275410E-01  -4.55055531E-05  1.32258249E-04
3.07558331E-01  2.35744276E-04  1.30986181E-04
3.07841251E-01  9.64133595E-05  1.33089168E-04
3.08124169E-01  2.41436263E-04  1.34600457E-04
3.08407085E-01  1.52210262E-04  1.31722869E-04
3.08690001E-01  2.74942090E-04  1.35055970E-04
3.08972914E-01  3.57208332E-04  1.32173098E-04
3.09255826E-01  2.94686151E-04  1.34640976E-04
3.09538737E-01  1.87471243E-04  1.33580136E-04
3.09821646E-01  8.63739202E-05  1.34881418E-04
3.10104553E-01  2.82733445E-04  1.36375166E-04
3.10387459E-01  1.59325792E-04  1.33462646E-04
3.10670364E-01  1.52923593E-04  1.38769101E-04
3.10953267E-01  1.86856538E-04  1.35218813E-04
3.11236168E-01  -1.61227516E-05  1.38410000E-04
3.11519068E-01  2.09699661E-04  1.40160278E-04
3.11801967E-01  6.07779838E-04  1.34811083E-04
3.12084864E-01  8.24179633E-05  1.42053557E-04
3.12367759E-01  2.46237383E-04  1.36946740E-04
3.12650653E-01  -8.34320911E-05  1.40567605E-04
3.12933546E-01  1.61329340E-04  1.41805545E-04
3.13216436E-01  9.91477708E-05  1.39560496E-04
3.13499326E-01  1.48383395E-04  1.43971747E-04
3.13782213E-01  5.89943868E-05  1.39696964E-04
3.14065100E-01  5.70875452E-05  1.44934295E-04
3.14347984E-01  3.18787110E-04  1.42208208E-04
3.14630868E-01  2.62406946E-04  1.44276040E-04
3.14913749E-01  1.06187912E-04  1.45371398E-04
3.15196629E-01  2.26842223E-04  1.40808256E-04
3.15479508E-01  2.62631183E-04  1.48069885E-04
3.15762385E-01  4.23292140E-04  1.43937219E-04
3.16045261E-01  1.63799883E-04  1.47116235E-04
3.16328135E-01  2.59995643E-04  1.47737969E-04
3.16611007E-01  1.11260222E-04  1.46622752E-04
3.16893878E-01  2.46389495E-04  1.50337871E-04
3.17176747E-01  1.73066855E-04  1.46693357E-04
3.17459615E-01  5.01133467E-04  1.52222826E-04
3.17742481E-01  2.41004817E-04  1.49005096E-04
3.18025346E-01  2.62019598E-04  1.49711032E-04
3.18308209E-01  4.64850834E-04  1.51790803E-04
3.18591071E-01  4.13432839E-04  1.47161721E-04
3.18873931E-01  1.55228183E-04  1.56643729E-04
3.19156789E-01  1.25376381E-04  1.50226712E-04
3.19439646E-01  2.84973576E-04  1.54141377E-04
3.19722502E-01  1.38865514E-04  1.57706370E-04
3.20005356E-01  1.76612340E-04  1.50773228E-04
3.20288208E-01  2.08276538E-04  1.56194865E-04
3.20571058E-01  3.40270843E-04  1.52845289E-04
3.20853908E-01  -5.20790564E-05  1.54779622E-04
3.21136755E-01  1.74148099E-04  1.55182526E-04
3.21419601E-01  3.00542830E-05  1.52880986E-04
3.21702446E-01  2.14674723E-04  1.57232505E-04
3.21985289E-01  1.25623144E-04  1.49962811E-04
3.22268130E-01  -9.63313709E-06  1.57171306E-04
3.22550970E-01  1.38697076E-04  1.52646737E-04
3.22833808E-01  1.33192959E-04  1.57308217E-04
3.23116644E-01  -1.25035066E-05  1.59407913E-04
3.23399479E-01  1.56792427E-04  1.53200488E-04
3.23682313E-01  1.76891592E-04  1.58595509E-04
3.23965145E-01  2.24530545E-04  1.56241620E-04
3.24247975E-01  -9.78575437E-05  1.59919579E-04
3.24530804E-01  2.76046321E-04  1.61585667E-04
3.24813631E-01  2.88041820E-04  1.58743837E-04
3.25096456E-01  1.70363528E-04  1.64559766E-04
3.25379280E-01  -9.07019193E-05  1.58051635E-04
3.25662103E-01  -1.31142986E-04  1.64513137E-04
3.25944923E-01  -7.91563471E-05  1.63141750E-04
3.26227743E-01  6.31444796E-05  1.62703147E-04
3.26510560E-01  1.64544841E-04  1.67413224E-04
3.26793376E-01  2.67975540E-04  1.62259667E-04
3.27076191E-01  3.11500666E-04  1.68549676E-04
3.27359004E-01  1.78336812E-04  1.65506570E-04
3.27641815E-01  2.05418952E-04  1.70899371E-04
3.27924624E-01  1.27437339E-04  1.75835350E-04
3.28207432E-01  1.75924922E-04  1.63485809E-04
3.28490239E-01  2.77765294E-04  1.76670201E-04
3.28773044E-01  9.37487377E-05  1.65339638E-04
3.29055847E-01  4.62927245E-04  1.75001468E-04
3.29338649E-01  2.51602268E-04  1.72125240E-04
3.29621449E-01  4.02727933E-05  1.69937771E-04
3.29904247E-01  1.27576122E-04  1.80348714E-04
3.30187044E-01  2.69272107E-05  1.71932336E-04
3.30469839E-01  3.08508025E-04  1.79801884E-04
3.30752633E-01  8.95709094E-05  1.77645136E-04
3.31035425E-01  4.08787357E-04  1.77626279E-04
3.31318215E-01  1.48476289E-04  1.85914333E-04
3.31601004E-01  -9.96347723E-06  1.74667570E-04
3.31883791E-01  -2.37945931E-05  1.84906730E-04
3.32166576E-01  1.01675107E-05  1.77926071E-04
3.32449360E-01  2.15515989E-04  1.85016329E-04
3.32732143E-01  1.40409699E-04  1.84690263E-04
3.33014923E-01  6.31279148E-04  1.82700472E-04
3.33297702E-01  2.60808180E-04  1.92427781E-04
3.33580480E-01  9.61355231E-05  1.83076439E-04
3.33863256E-01  1.02287411E-04  1.92467610E-04
3.34146030E-01  3.45769370E-04  1.85817190E-04
3.34428802E-01  2.49273303E-05  1.91091167E-04
3.34711573E-01  -7.83626226E-05  2.00085769E-04
3.34994342E-01  -6.35005204E-05  1.88406638E-04
3.35277110E-01  -1.03551039E-04  2.00974424E-04
3.35559876E-01  2.27449815E-04  1.91328245E-04
3.35842641E-01  1.77088740E-04  1.98073039E-04
3.36125403E-01  1.50214951E-04  2.06781002E-04
3.36408164E-01  3.13312178E-04  1.91722396E-04
3.36690924E-01  4.51685828E-04  2.11014211E-04
3.36973682E-01  3.43525544E-04  1.94050953E-04
3.37256438E-01  4.73942754E-04  2.07535813E-04
3.37539192E-01  3.18451167E-04  2.05544820E-04
3.37821945E-01  2.28985600E-04  2.06098695E-04
3.38104697E-01  1.48273131E-04  2.17910761E-04
3.38387446E-01  -2.09575798E-04  2.00130213E-04
3.38670194E-01  5.58249295E-05  2.20397005E-04
3.38952940E-01  2.29315170E-04  2.08215635E-04
3.39235685E-01  3.00346371E-04  2.17303600E-04
3.39518428E-01  4.44584959E-04  2.25669504E-04
3.39801169E-01  3.47515761E-04  2.07598850E-04
3.40083909E-01  6.45102536E-05  2.32537218E-04
3.40366647E-01  -6.33085259E-05  2.16053391E-04
3.40649384E-01  4.64642599E-04  2.29337630E-04
3.40932118E-01  4.36889705E-04  2.28246051E-04
3.41214851E-01  9.65674556E-06  2.22585076E-04
3.41497583E-01  1.77025541E-04  2.41373487E-04
3.41780312E-01  4.02241348E-04  2.22916047E-04
3.42063041E-01  -2.35481665E-04  2.39924295E-04
3.42345767E-01  3.98089315E-05  2.34148994E-04
3.42628492E-01  3.35210235E-04  2.41212809E-04
3.42911215E-01  -2.62198955E-05  2.56940701E-04
3.43193936E-01  3.81144620E-04  2.27676878E-04
3.43476656E-01  4.35611737E-05  2.59564172E-04
3.43759374E-01  2.14759445E-04  2.37120782E-04
3.44042090E-01  -1.17363606E-04  2.56003610E-04
3.44324805E-01  3.02387437E-04  2.62806651E-04
3.44607518E-01  6.46496918E-04  2.41586954E-04
3.44890229E-01  3.16470557E-04  2.71093495E-04
3.45172939E-01  3.97132040E-04  2.44382796E-04
3.45455647E-01  -2.02461287E-04  2.79660866E-04
3.45738353E-01  1.27805255E-04  2.62469844E-04
3.46021058E-01  1.22780373E-04  2.67318187E-04
3.46303761E-01  6.31549183E-04  2.94031062E-04
3.46586462E-01  4.98885936E-05  2.56884450E-04
3.46869162E-01  -1.20615343E-04  3.01468035E-04
3.47151860E-01  4.43864880E-04  2.73614396E-04
3.47434556E-01  8.67837154E-05  2.95650847E-04
3.47717250E-01  -1.65738789E-04  3.14633903E-04
3.47999943E-01  1.41791230E-04  2.73180525E-04
3.48282634E-01  4.47188438E-04  3.28280781E-04
3.48565324E-01  3.27708497E-04  2.92096220E-04
3.48848011E-01  5.27193473E-04  3.21348011E-04
3.49130697E-01  -2.81524215E-04  3.04336562E-04
3.49413382E-01  -1.90973229E-04  3.18300449E-04
3.49696064E-01  6.00512301E-05  3.49095914E-04
3.49978745E-01  -3.28031784E-04  3.11237073E-04
3.50261424E-01  2.05885492E-04  3.51031074E-04
3.50544102E-01  2.14048867E-04  3.38023584E-04
3.50826778E-01  4.18961737E-04  3.45403207E-04
3.51109452E-01  -8.27466039E-05  3.81289730E-04
3.51392124E-01  -1.23432279E-04  3.32018928E-04
3.51674795E-01  -1.45432433E-04  3.96370344E-04
3.51957464E-01  2.40676162E-04  3.66660282E-04
3.52240131E-01  1.22051969E-04  4.00922617E-04


### HEADER:
#
#{
#    "Notes": "", 
#    "analysis": {}, 
#    "calibration_params": {
#        "Beam_Center_X": 910.141888626, 
#        "Beam_Center_Y": 877.526683875, 
#        "Detector_Pixel_Size": 0.172, 
#        "Radial_Average_Method": "RAW", 
#        "Sample-to-detector distance (mm)": 3686.45209342, 
#        "Wavelength (A)": 1.03320164497
#    }, 
#    "config_file": "/Volumes/detectors_vol1/Pilatus1M/20190805TrewhellaCompiled/Lysozyme/Lys_SEC2/SAXS.cfg", 
#    "counters": {
#        "Coflow_on": "True", 
#        "D_hutch_shutter_open": "True", 
#        "Date": "2019-07-17 15:52:07.459414", 
#        "Exposure time/frame (s)": "0.5", 
#        "Exposure_period/frame_s": "2.0", 
#        "File_prefix": "Lys_SEC2_005", 
#        "Flow rate (ml/min)": "0.7", 
#        "Front_end_shutter_open": "True", 
#        "I0_gain": "1e+06", 
#        "I1_gain": "1e+06", 
#        "I2_gain": "1e+03", 
#        "I3_gain": "1e+05", 
#        "Instrument": "BioCAT (Sector 18, APS)", 
#        "Number_of_frames": "1800", 
#        "Outlet_flow_rate_mL/min": "1.4", 
#        "Save_directory": "/nas_data/20190717Hopkins/Trewhella/Lys_SEC2", 
#        "Sheath_excess_ratio": "2.1", 
#        "Sheath_inlet_flow_rate_including_excess_mL/min": "1.47", 
#        "Sheath_ratio": "0.5", 
#        "Wait_for_trigger": "False"
#    }, 
#    "filename": "Lys_bio_sub", 
#    "history": {
#        "subtraction": {
#            "initial_file": [
#                "Lys_bio_sol_sam", 
#                {
#                    "averaged_files": [
#                        [
#                            "Lys_SEC2_005_0584.tif"
#                        ], 
#                        [
#                            "Lys_SEC2_005_0585.tif"
#                        ], 
#                        [
#                            "Lys_SEC2_005_0586.tif"
#                        ], 
#                        [
#                            "Lys_SEC2_005_0587.tif"
#                        ], 
#                        [
#                            "Lys_SEC2_005_0588.tif"
#                        ], 
#                        [
#                            "Lys_SEC2_005_0589.tif"
#                        ], 
#                        [
#                            "Lys_SEC2_005_0590.tif"
#                        ], 
#                        [
#                            "Lys_SEC2_005_0591.tif"
#                        ], 
#                        [
#                            "Lys_SEC2_005_0592.tif"
#                        ], 
#                        [
#                            "Lys_SEC2_005_0593.tif"
#                        ], 
#                        [
#                            "Lys_SEC2_005_0594.tif"
#                        ], 
#                        [
#                            "Lys_SEC2_005_0595.tif"
#                        ], 
#                        [
#                            "Lys_SEC2_005_0596.tif"
#                        ], 
#                        [
#                            "Lys_SEC2_005_0597.tif"
#                        ], 
#                        [
#                            "Lys_SEC2_005_0598.tif"
#                        ], 
#                        [
#                            "Lys_SEC2_005_0599.tif"
#                        ], 
#                        [
#                            "Lys_SEC2_005_0600.tif"
#                        ], 
#                        [
#                            "Lys_SEC2_005_0601.tif"
#                        ], 
#                        [
#                            "Lys_SEC2_005_0602.tif"
#                        ], 
#                        [
#                            "Lys_SEC2_005_0603.tif"
#                        ], 
#                        [
#                            "Lys_SEC2_005_0604.tif"
#                        ], 
#                        [
#                            "Lys_SEC2_005_0605.tif"
#                        ], 
#                        [
#                            "Lys_SEC2_005_0606.tif"
#                        ], 
#                        [
#                            "Lys_SEC2_005_0607.tif"
#                        ], 
#                        [
#                            "Lys_SEC2_005_0608.tif"
#                        ], 
#                        [
#                            "Lys_SEC2_005_0609.tif"
#                        ], 
#                        [
#                            "Lys_SEC2_005_0610.tif"
#                        ], 
#                        [
#                            "Lys_SEC2_005_0611.tif"
#                        ], 
#                        [
#                            "Lys_SEC2_005_0612.tif"
#                        ], 
#                        [
#                            "Lys_SEC2_005_0613.tif"
#                        ], 
#                        [
#                            "Lys_SEC2_005_0614.tif"
#                        ], 
#                        [
#                            "Lys_SEC2_005_0615.tif"
#                        ], 
#                        [
#                            "Lys_SEC2_005_0616.tif"
#                        ], 
#                        [
#                            "Lys_SEC2_005_0617.tif"
#                        ], 
#                        [
#                            "Lys_SEC2_005_0618.tif"
#                        ], 
#                        [
#                            "Lys_SEC2_005_0619.tif"
#                        ], 
#                        [
#                            "Lys_SEC2_005_0620.tif"
#                        ], 
#                        [
#                            "Lys_SEC2_005_0621.tif"
#                        ], 
#                        [
#                            "Lys_SEC2_005_0622.tif"
#                        ], 
#                        [
#                            "Lys_SEC2_005_0623.tif"
#                        ], 
#                        [
#                            "Lys_SEC2_005_0624.tif"
#                        ]
#                    ]
#                }
#            ], 
#            "subtracted_file": [
#                "Lys_bio_sol", 
#                {
#                    "averaged_files": [
#                        [
#                            "Lys_SEC2_005_0413.tif"
#                        ], 
#                        [
#                            "Lys_SEC2_005_0414.tif"
#                        ], 
#                        [
#                            "Lys_SEC2_005_0415.tif"
#                        ], 
#                        [
#                            "Lys_SEC2_005_0416.tif"
#                        ], 
#                        [
#                            "Lys_SEC2_005_0417.tif"
#                        ], 
#                        [
#                            "Lys_SEC2_005_0418.tif"
#                        ], 
#                        [
#                            "Lys_SEC2_005_0419.tif"
#                        ], 
#                        [
#                            "Lys_SEC2_005_0420.tif"
#                        ], 
#                        [
#                            "Lys_SEC2_005_0421.tif"
#                        ], 
#                        [
#                            "Lys_SEC2_005_0422.tif"
#                        ], 
#                        [
#                            "Lys_SEC2_005_0423.tif"
#                        ], 
#                        [
#                            "Lys_SEC2_005_0424.tif"
#                        ], 
#                        [
#                            "Lys_SEC2_005_0425.tif"
#                        ], 
#                        [
#                            "Lys_SEC2_005_0426.tif"
#                        ], 
#                        [
#                            "Lys_SEC2_005_0427.tif"
#                        ], 
#                        [
#                            "Lys_SEC2_005_0428.tif"
#                        ], 
#                        [
#                            "Lys_SEC2_005_0429.tif"
#                        ], 
#                        [
#                            "Lys_SEC2_005_0430.tif"
#                        ], 
#                        [
#                            "Lys_SEC2_005_0431.tif"
#                        ], 
#                        [
#                            "Lys_SEC2_005_0432.tif"
#                        ], 
#                        [
#                            "Lys_SEC2_005_0433.tif"
#                        ], 
#                        [
#                            "Lys_SEC2_005_0434.tif"
#                        ], 
#                        [
#                            "Lys_SEC2_005_0435.tif"
#                        ], 
#                        [
#                            "Lys_SEC2_005_0436.tif"
#                        ], 
#                        [
#                            "Lys_SEC2_005_0437.tif"
#                        ], 
#                        [
#                            "Lys_SEC2_005_0438.tif"
#                        ], 
#                        [
#                            "Lys_SEC2_005_0439.tif"
#                        ], 
#                        [
#                            "Lys_SEC2_005_0440.tif"
#                        ], 
#                        [
#                            "Lys_SEC2_005_0441.tif"
#                        ], 
#                        [
#                            "Lys_SEC2_005_0442.tif"
#                        ], 
#                        [
#                            "Lys_SEC2_005_0443.tif"
#                        ], 
#                        [
#                            "Lys_SEC2_005_0444.tif"
#                        ], 
#                        [
#                            "Lys_SEC2_005_0445.tif"
#                        ], 
#                        [
#                            "Lys_SEC2_005_0446.tif"
#                        ], 
#                        [
#                            "Lys_SEC2_005_0447.tif"
#                        ], 
#                        [
#                            "Lys_SEC2_005_0448.tif"
#                        ], 
#                        [
#                            "Lys_SEC2_005_0449.tif"
#                        ]
#                    ]
#                }
#            ]
#        }
#    }, 
#    "imageHeader": {
#        "Count_cutoff": "1157021 counts", 
#        "Excluded_pixels": "badpix_mask.tif", 
#        "Exposure_period": "1.0025000 s", 
#        "Exposure_time": "1.0000000 s", 
#        "Flat_field": "FF_p10-0130_E12000_T6000_vrf_m0p100.tif", 
#        "Gain_setting": "autog (vrf = 1.000)", 
#        "Image_path": "/ramdisk/Trewhella/Lys_SEC2/", 
#        "N_excluded_pixels": "35", 
#        "Pixel_size": "172e-6 m x 172e-6 m", 
#        "Ratecorr_lut_directory": "ContinuousStandard_v1.1", 
#        "Retrigger_mode": "1", 
#        "Silicon": "sensor, thickness 0.000450 m", 
#        "Tau": "0 s", 
#        "Threshold_setting": "6000 eV", 
#        "Trim_file": "p10-0130_E12000_T6000.bin"
#    }, 
#    "metadata": {
#        "Detector": "Pilatus3 X 1M"
#    }, 
#    "normalizations": {
#        "Absolute_scale": {
#            "Absolute_scale_factor": 358.75483077930005, 
#            "Ignore_background": true, 
#            "Sample_thickness_[mm]": 1.0
#        }, 
#        "Counter_norms": [
#            [
#                "/", 
#                "I1"
#            ]
#        ], 
#        "Solid_Angle_Correction": "On"
#    }, 
#    "raw_version": "1.6.0"
#}

