:Q!
0.0106	0.18253	0.51083
0.01111	0.17856	0.39672
0.01163	0.14869	0.31237
0.01215	0.21956	0.19952
0.01266	0.20382	0.15559
0.01318	0.17683	0.10202
0.0137	0.18237	0.07261
0.01422	0.19765	0.04524
0.01473	0.20137	0.03245
0.01525	0.20041	0.01877
0.01577	0.201	0.0131
0.01628	0.20419	0.01043
0.0168	0.21325	0.00839
0.01732	0.2062	0.00795
0.01783	0.20447	0.00751
0.01835	0.20318	0.007
0.01887	0.20656	0.00663
0.01938	0.20486	0.00625
0.0199	0.19977	0.00582
0.02042	0.20466	0.0054
0.02094	0.21062	0.00542
0.02145	0.20404	0.00501
0.02197	0.20455	0.00488
0.02249	0.20923	0.00463
0.023	0.20237	0.005
0.02352	0.20616	0.0045
0.02404	0.20709	0.00437
0.02455	0.21202	0.00421
0.02507	0.20378	0.00401
0.02559	0.2027	0.00412
0.02611	0.20091	0.00369
0.02662	0.20924	0.00366
0.02714	0.19666	0.00363
0.02765	0.20273	0.00343
0.02817	0.20337	0.00362
0.02869	0.20867	0.00351
0.02921	0.20546	0.00329
0.02972	0.19614	0.00342
0.03024	0.20208	0.00299
0.03076	0.20617	0.003
0.03127	0.20628	0.00298
0.03179	0.1938	0.00285
0.03231	0.1985	0.0028
0.03282	0.20486	0.00276
0.03334	0.20741	0.00273
0.03386	0.19969	0.00273
0.03438	0.20283	0.0027
0.03489	0.19539	0.00265
0.03541	0.20732	0.00261
0.03593	0.19829	0.00256
0.03644	0.20225	0.00256
0.03696	0.19684	0.00247
0.03748	0.20524	0.0025
0.03799	0.19739	0.00243
0.03851	0.19839	0.00241
0.03903	0.19934	0.00236
0.03954	0.19798	0.00234
0.04006	0.19686	0.00233
0.04058	0.19473	0.00233
0.0411	0.1919	0.00224
0.04161	0.19121	0.00221
0.04213	0.19643	0.00216
0.04265	0.19423	0.00218
0.04316	0.19345	0.0022
0.04368	0.19609	0.00213
0.0442	0.1874	0.00209
0.04471	0.19261	0.00205
0.04523	0.19108	0.00205
0.04575	0.18954	0.00206
0.04626	0.18922	0.00201
0.04678	0.18548	0.00112
0.0473	0.18971	0.00111
0.04782	0.18595	0.00112
0.04833	0.18863	0.00112
0.04885	0.18674	0.00111
0.04937	0.18553	0.00109
0.04988	0.18244	0.0011
0.0504	0.18081	0.00109
0.05092	0.18327	0.00108
0.05143	0.18106	0.00108
0.05195	0.17893	0.00106
0.05247	0.18233	0.00104
0.05298	0.17862	0.00105
0.0535	0.17839	0.00106
0.05402	0.18008	0.00103
0.05454	0.17721	0.00103
0.05505	0.17604	0.00103
0.05557	0.1757	0.00102
0.05609	0.17511	0.00101
0.0566	0.17376	0.001
0.05712	0.17411	9.95626E-4
0.05764	0.17207	0.00101
0.05815	0.17074	9.86789E-4
0.05867	0.17037	9.85074E-4
0.05919	0.17108	9.64519E-4
0.0597	0.16812	9.74703E-4
0.06022	0.16824	9.68757E-4
0.06074	0.16701	9.60792E-4
0.06125	0.16916	9.56439E-4
0.06177	0.16718	9.43976E-4
0.06229	0.1638	9.52816E-4
0.06281	0.16327	9.50546E-4
0.06332	0.16304	9.33598E-4
0.06384	0.16283	9.34224E-4
0.06436	0.1621	9.16078E-4
0.06487	0.16038	9.13413E-4
0.06539	0.16158	9.10466E-4
0.06591	0.15812	9.12316E-4
0.06642	0.15817	9.25305E-4
0.06694	0.15617	8.98571E-4
0.06746	0.15669	9.21929E-4
0.06798	0.15801	9.08046E-4
0.06849	0.1558	9.12792E-4
0.06901	0.15636	8.93478E-4
0.06953	0.15273	9.09553E-4
0.07004	0.1509	9.03626E-4
0.07056	0.15163	8.85949E-4
0.07108	0.15236	8.70832E-4
0.07159	0.15054	8.71519E-4
0.07211	0.14811	8.61162E-4
0.07263	0.14627	8.57895E-4
0.07314	0.14797	8.57468E-4
0.07366	0.14881	8.49339E-4
0.07418	0.14767	8.36131E-4
0.07469	0.14451	8.41077E-4
0.07521	0.14408	8.30939E-4
0.07573	0.14329	8.33036E-4
0.07625	0.14074	8.23142E-4
0.07676	0.14213	8.20245E-4
0.07728	0.14323	8.25277E-4
0.0778	0.14061	8.20401E-4
0.07831	0.13658	8.10562E-4
0.07883	0.1365	8.07156E-4
0.07935	0.13754	8.05811E-4
0.07986	0.13439	7.96765E-4
0.08038	0.13708	7.9705E-4
0.0809	0.13689	7.84864E-4
0.08141	0.13237	7.85425E-4
0.08193	0.1311	7.80742E-4
0.08245	0.13189	7.8311E-4
0.08296	0.13106	7.67607E-4
0.08348	0.13056	7.6609E-4
0.084	0.12985	7.61591E-4
0.08452	0.12854	7.6209E-4
0.08503	0.12784	7.51287E-4
0.08555	0.12807	7.58991E-4
0.08607	0.12501	7.63073E-4
0.08658	0.12513	7.64622E-4
0.0871	0.1272	7.70194E-4
0.08762	0.12343	7.78886E-4
0.08813	0.12143	7.68332E-4
0.08865	0.12157	7.82201E-4
0.08917	0.12256	7.92658E-4
0.08969	0.12113	7.99701E-4
0.0902	0.11935	7.95602E-4
0.09072	0.1172	7.90601E-4
0.09124	0.11442	7.98204E-4
0.09175	0.11815	8.0018E-4
0.09227	0.11504	8.13164E-4
0.09279	0.11452	8.15119E-4
0.0933	0.11415	8.04163E-4
0.09382	0.11338	7.85012E-4
0.09434	0.11233	7.77071E-4
0.09485	0.11249	7.71797E-4
0.09537	0.10986	7.61072E-4
0.09589	0.10934	7.48983E-4
0.0964	0.10687	7.38917E-4
0.09692	0.1072	7.35226E-4
0.09744	0.10675	7.38981E-4
0.09796	0.10796	7.26882E-4
0.09847	0.10426	7.17167E-4
0.09899	0.10548	7.20508E-4
0.09951	0.10504	7.16807E-4
0.10002	0.10411	7.10425E-4
0.10054	0.10326	7.11609E-4
0.10106	0.10042	6.99636E-4
0.10157	0.10039	6.92204E-4
0.10209	0.09997	7.06409E-4
0.10261	0.09964	6.89712E-4
0.10312	0.09942	6.92191E-4
0.10364	0.09993	6.9423E-4
0.10416	0.09699	6.89749E-4
0.10468	0.09824	6.82114E-4
0.10519	0.09753	6.84955E-4
0.10571	0.094	6.82501E-4
0.10623	0.09662	6.77485E-4
0.10674	0.09562	6.77496E-4
0.10726	0.09468	6.79023E-4
0.10778	0.09227	6.71183E-4
0.10829	0.09186	6.63788E-4
0.10881	0.08997	6.73523E-4
0.10933	0.09027	6.74614E-4
0.10984	0.08921	6.6261E-4
0.11036	0.08803	6.62275E-4
0.11088	0.09117	6.62811E-4
0.11139	0.08622	6.59645E-4
0.11191	0.08929	6.55222E-4
0.11243	0.08538	6.48656E-4
0.11295	0.08455	6.58214E-4
0.11346	0.08279	6.51265E-4
0.11398	0.08281	6.49232E-4
0.1145	0.08095	6.46391E-4
0.11501	0.08086	6.51828E-4
0.11553	0.08066	6.38804E-4
0.11605	0.08063	6.40636E-4
0.11656	0.07975	6.42104E-4
0.11708	0.07834	6.37358E-4
0.1176	0.07744	6.36465E-4
0.11811	0.07897	6.35798E-4
0.11863	0.07608	6.34453E-4
0.11915	0.07756	6.36066E-4
0.11966	0.07612	6.31682E-4
0.12018	0.07337	6.36611E-4
0.1207	0.0749	6.25348E-4
0.12122	0.07314	6.24803E-4
0.12173	0.07507	6.29783E-4
0.12225	0.07277	6.30049E-4
0.12277	0.0709	6.26201E-4
0.12328	0.06878	6.2647E-4
0.1238	0.06982	6.26916E-4
0.12432	0.06991	6.28111E-4
0.12483	0.06856	6.25757E-4
0.12535	0.06976	6.2857E-4
0.12587	0.06673	6.20607E-4
0.12638	0.0659	6.19432E-4
0.1269	0.06588	6.18979E-4
0.12742	0.06354	6.13274E-4
0.12793	0.06376	6.19353E-4
0.12845	0.06329	6.20464E-4
0.12897	0.06292	6.18797E-4
0.12949	0.06328	6.11181E-4
0.13	0.06243	6.13088E-4
0.13052	0.06113	6.08649E-4
0.13104	0.06098	6.11118E-4
0.13155	0.05966	6.08861E-4
0.13207	0.05779	6.03402E-4
0.13259	0.05879	6.06521E-4
0.1331	0.0585	6.03739E-4
0.13362	0.05803	6.01001E-4
0.13414	0.05691	5.99761E-4
0.13465	0.05535	5.95101E-4
0.13517	0.05758	5.87805E-4
0.13569	0.05463	5.87099E-4
0.1362	0.0545	5.91934E-4
0.13672	0.05515	5.8962E-4
0.13724	0.05286	5.83341E-4
0.13776	0.05241	5.90092E-4
0.13827	0.05219	5.97099E-4
0.13879	0.05118	6.01054E-4
0.13931	0.05138	6.16736E-4
0.13982	0.05102	6.41155E-4
0.14034	0.04823	6.7083E-4
0.14086	0.04905	6.40061E-4
0.14137	0.04922	6.13487E-4
0.14189	0.04905	5.89094E-4
0.14241	0.04598	5.79617E-4
0.14292	0.04697	5.83981E-4
0.14344	0.04813	5.85407E-4
0.14396	0.04584	5.8885E-4
0.14447	0.04491	5.86616E-4
0.14499	0.04556	5.82137E-4
0.14551	0.04677	5.82489E-4
0.14603	0.04295	5.78305E-4
0.14654	0.04353	5.70502E-4
0.14706	0.0431	5.70093E-4
0.14758	0.04415	5.65211E-4
0.14809	0.04308	5.615E-4
0.14861	0.04134	5.66135E-4
0.14913	0.04088	5.64321E-4
0.14964	0.04083	5.64312E-4
0.15016	0.03752	5.54346E-4
0.15068	0.03856	5.61863E-4
0.15119	0.03823	5.5935E-4
0.15171	0.03824	5.56387E-4
0.15223	0.03949	5.58896E-4
0.15274	0.03763	5.54369E-4
0.15326	0.03726	5.47466E-4
0.15378	0.03715	5.4887E-4
0.1543	0.03639	5.47951E-4
0.15481	0.03518	5.44551E-4
0.15533	0.03482	5.44618E-4
0.15585	0.03599	5.47935E-4
0.15636	0.03607	5.41136E-4
0.15688	0.03373	5.37494E-4
0.1574	0.03532	5.38008E-4
0.15791	0.03223	5.39128E-4
0.15843	0.03284	5.38142E-4
0.15895	0.03403	5.31577E-4
0.15946	0.03232	5.3256E-4
0.15998	0.03182	5.29358E-4
0.1605	0.03159	5.30462E-4
0.16101	0.03329	5.28684E-4
0.16153	0.03162	5.26586E-4
0.16205	0.03014	5.28941E-4
0.16257	0.03023	5.2722E-4
0.16308	0.02922	5.32276E-4
0.1636	0.02927	5.33778E-4
0.16412	0.02849	5.28871E-4
0.16463	0.02843	5.40619E-4
0.16515	0.02865	5.63365E-4
0.16567	0.02856	5.8491E-4
0.16618	0.02712	5.75323E-4
0.1667	0.02741	5.39653E-4
0.16722	0.02593	5.17581E-4
0.16773	0.02768	5.1411E-4
0.16825	0.02532	5.09203E-4
0.16877	0.02742	5.06677E-4
0.16928	0.02489	5.06819E-4
0.1698	0.02349	5.03666E-4
0.17032	0.02607	5.06876E-4
0.17084	0.02269	5.05384E-4
0.17135	0.02453	5.00696E-4
0.17187	0.024	5.01952E-4
0.17239	0.02349	5.00675E-4
0.1729	0.02387	4.96804E-4
0.17342	0.02256	4.93865E-4
0.17394	0.02264	4.94544E-4
0.17445	0.02173	4.91052E-4
0.17497	0.02122	4.91179E-4
0.17549	0.02189	4.90345E-4
0.176	0.02118	4.8854E-4
0.17652	0.02096	4.9358E-4
0.17704	0.02019	4.96448E-4
0.17755	0.02039	4.98102E-4
0.17807	0.01975	4.98098E-4
0.17859	0.01916	4.93368E-4
0.1791	0.01971	5.08959E-4
0.17962	0.01946	5.06434E-4
0.18014	0.01776	5.08864E-4
0.18066	0.01909	5.09539E-4
0.18117	0.01784	5.13711E-4
0.18169	0.01746	5.16995E-4
0.18221	0.01745	5.15573E-4
0.18272	0.01697	5.19603E-4
0.18324	0.01645	5.19153E-4
0.18376	0.01831	5.16142E-4
0.18427	0.01657	5.13162E-4
0.18479	0.0186	5.12093E-4
0.18531	0.01712	5.10503E-4
0.18582	0.01624	5.08388E-4
0.18634	0.01622	5.08388E-4
0.18686	0.01612	4.99327E-4
0.18737	0.01758	5.00398E-4
0.18789	0.01383	4.91915E-4
0.18841	0.01542	5.03873E-4
0.18892	0.0136	4.89477E-4
0.18944	0.0163	4.85397E-4
0.18996	0.01463	4.88107E-4
0.19048	0.01516	4.86009E-4
0.19099	0.01476	4.86069E-4
0.19151	0.01377	4.816E-4
0.19203	0.01244	4.83996E-4
0.19254	0.0142	4.74407E-4
0.19306	0.01373	4.79778E-4
0.19358	0.01391	4.7467E-4
0.19409	0.01178	4.71669E-4
0.19461	0.01163	4.76708E-4
0.19513	0.01137	4.71626E-4
0.19564	0.01223	4.72668E-4
0.19616	0.01341	4.72201E-4
0.19668	0.01103	4.68079E-4
0.19719	0.01167	4.67228E-4
0.19771	0.01233	4.69989E-4
0.19823	0.01114	4.68519E-4
0.19874	0.01257	4.68827E-4
0.19926	0.00983	4.6703E-4
0.19978	0.01135	4.65878E-4
0.20029	0.0109	4.67187E-4
0.20081	0.01123	4.64672E-4
0.20133	0.00987	4.69562E-4
0.20185	0.01134	4.68564E-4
0.20236	0.01066	4.64188E-4
0.20288	0.00896	4.6474E-4
0.2034	0.00985	4.61783E-4
0.20391	0.01037	4.66542E-4
0.20443	0.00936	4.65071E-4
0.20495	0.00905	4.66917E-4
0.20546	0.00882	4.62561E-4
0.20598	0.00874	4.63617E-4
0.2065	0.00925	4.64977E-4
0.20701	0.00925	4.64823E-4
0.20753	0.00979	4.63849E-4
0.20805	0.0095	4.62186E-4
0.20856	0.00868	4.61946E-4
0.20908	0.00811	4.56324E-4
0.2096	0.00915	4.6203E-4
0.21011	0.00789	4.59988E-4
0.21063	0.00922	4.60902E-4
0.21115	0.00978	4.8221E-4
0.21166	0.00827	4.59025E-4
0.21218	0.00923	4.60336E-4
0.2127	0.00887	4.56678E-4
0.21322	0.00729	4.55809E-4
0.21373	0.00747	4.56877E-4
0.21425	0.00653	4.58995E-4
0.21477	0.00704	4.53803E-4
0.21528	0.00743	4.56705E-4
0.2158	0.0082	4.55273E-4
0.21632	0.00729	4.55738E-4
0.21683	0.00646	4.51165E-4
0.21735	0.00659	4.55765E-4
0.21787	0.00584	4.52526E-4
0.21838	0.00752	4.55464E-4
0.2189	0.00704	4.52331E-4
0.21942	0.00709	4.55629E-4
0.21993	0.00581	4.50889E-4
0.22045	0.00652	4.50275E-4
0.22097	0.00624	4.5004E-4
0.22148	0.00712	4.49248E-4
0.222	0.00551	4.49811E-4
0.22252	0.00518	4.44452E-4
0.22303	0.0067	4.44262E-4
0.22355	0.0063	4.43544E-4
0.22407	0.00662	4.45784E-4
0.22458	0.00615	4.46143E-4
0.2251	0.00653	4.42716E-4
0.22562	0.00633	4.38935E-4
0.22614	0.00559	4.4185E-4
0.22665	0.0062	4.41007E-4
0.22717	0.00674	4.37991E-4
0.22769	0.00462	4.34498E-4
0.2282	0.00484	4.38986E-4
0.22872	0.00651	4.36725E-4
0.22924	0.00444	4.36592E-4
0.22975	0.00555	4.34997E-4
0.23027	0.00543	4.37955E-4
0.23079	0.00466	4.34093E-4
0.2313	0.00508	4.35066E-4
0.23182	0.00367	4.36247E-4
0.23234	0.00566	4.33801E-4
0.23285	0.00549	4.33103E-4
0.23337	0.00447	4.33361E-4
0.23389	0.00558	4.28412E-4
0.2344	0.00499	4.29434E-4
0.23492	0.00448	4.29979E-4
0.23544	0.0051	4.3177E-4
0.23595	0.00567	4.32969E-4
0.23647	0.00464	4.3074E-4
0.23699	0.00457	4.28054E-4
0.2375	0.00477	4.2754E-4
0.23802	0.00332	4.29179E-4
0.23854	0.00517	4.25432E-4
0.23906	0.00421	4.30533E-4
0.23957	0.00449	4.24955E-4
0.24009	0.0042	4.26599E-4
0.24061	0.00539	0.01248
0.24112	0.00489	4.28481E-4
0.24164	0.00485	4.25192E-4
0.24216	0.00466	4.22714E-4
0.24267	0.00538	4.28192E-4
0.24319	0.00438	4.25429E-4
0.24371	0.00332	4.24898E-4
0.24422	0.00353	4.23277E-4
0.24474	0.00306	4.26357E-4
0.24526	0.00438	4.26133E-4
0.24577	0.00536	4.23837E-4
0.24629	0.0049	4.24898E-4
0.24681	0.00476	4.22675E-4
0.24732	0.00464	4.23702E-4
0.24784	0.00332	4.26615E-4
0.24836	0.00434	4.23486E-4
0.24887	0.00465	4.2552E-4
0.24939	0.00483	4.19503E-4
0.24991	0.0052	4.22322E-4
0.25042	0.00425	4.20423E-4
0.25094	0.00394	4.21027E-4
0.25146	0.00376	4.17075E-4
0.25197	0.0047	4.18159E-4
0.25249	0.00483	4.22348E-4
0.25301	0.00434	4.27102E-4
0.25353	0.00401	4.3179E-4
0.25404	0.00294	4.35615E-4
0.25456	0.00493	4.46243E-4
0.25508	0.00423	4.46581E-4
0.25559	0.00427	4.49943E-4
0.25611	0.00419	4.5015E-4
0.25662	0.00458	4.56969E-4
0.25714	0.00432	4.60736E-4
0.25766	0.00489	4.60908E-4
0.25818	0.00406	4.621E-4
0.25869	0.00375	4.64867E-4
0.25921	0.00284	4.64044E-4
0.25973	0.00401	4.67654E-4
0.26024	0.00334	4.72311E-4
0.26076	0.00339	4.77731E-4
0.26128	0.0048	4.73849E-4
0.26179	0.00393	4.75927E-4
0.26231	0.004	4.72199E-4
0.26283	0.00318	4.69579E-4
0.26334	0.00261	4.66055E-4
0.26386	0.00412	4.65235E-4
0.26438	0.00422	4.65211E-4
0.26489	0.00301	4.62977E-4
0.26541	0.00441	4.62983E-4
0.26593	0.00352	4.6513E-4
0.26644	0.00311	4.6476E-4
0.26696	0.0045	4.64827E-4
0.26748	0.00348	4.67924E-4
0.26799	0.00383	4.68764E-4
0.26851	0.00351	4.69964E-4
0.26903	0.0041	4.73584E-4
0.26954	0.00432	4.70614E-4
0.27006	0.00417	4.75069E-4
0.27058	0.00389	4.77067E-4
0.27109	0.00315	4.77574E-4
0.27161	0.00394	4.80441E-4
0.27213	0.00494	4.79981E-4
0.27264	0.00407	4.80995E-4
0.27316	0.00337	4.82713E-4
0.27368	0.00458	4.84097E-4
0.2742	0.00327	4.75803E-4
0.27471	0.00372	4.71375E-4
0.27523	0.00377	4.75101E-4
0.27575	0.00363	4.69664E-4
0.27626	0.00441	4.74994E-4
0.27678	0.00402	4.71543E-4
0.27729	0.00478	4.74111E-4
0.27781	0.00433	4.72737E-4
0.27833	0.00328	4.74459E-4
0.27885	0.00326	4.69927E-4
0.27936	0.00379	4.74298E-4
0.27988	0.00377	4.70586E-4
0.2804	0.00327	4.74756E-4
0.28091	0.00454	4.76219E-4
0.28143	0.00277	4.76704E-4
0.28195	0.00403	4.75076E-4
0.28246	0.00426	4.84168E-4
0.28298	0.00355	4.8344E-4
0.2835	0.00389	4.77715E-4
0.28401	0.00284	4.85812E-4
0.28453	0.00433	4.87009E-4
0.28505	0.00267	4.87271E-4
0.28556	0.0036	4.89186E-4
0.28608	0.00283	4.92117E-4
0.2866	0.00382	4.9076E-4
0.28711	0.00239	4.92697E-4
0.28763	0.00395	4.90459E-4
0.28815	0.00422	4.9326E-4
0.28866	0.00313	4.97786E-4
0.28918	0.00412	4.93228E-4
0.2897	0.00411	4.98955E-4
0.29021	0.00461	4.98902E-4
0.29073	0.00503	5.01351E-4
0.29125	0.0031	4.98647E-4
0.29176	0.00317	5.01978E-4
0.29228	0.00374	5.0128E-4
0.2928	0.00334	5.01695E-4
0.29331	0.00426	5.03811E-4
0.29383	0.00257	5.01445E-4
0.29435	0.00318	5.07125E-4
0.29486	0.00286	5.03533E-4
0.29538	0.00362	5.11233E-4
0.2959	0.00494	5.09352E-4
0.29641	0.00502	5.09965E-4
0.29693	0.00437	5.05086E-4
0.29745	0.00276	5.09709E-4
0.29796	0.00404	5.07925E-4
0.29848	0.00408	5.0785E-4
0.299	0.00312	5.1516E-4
0.29951	0.00462	5.19433E-4
0.30003	0.00507	5.28893E-4
0.30055	0.00415	5.28321E-4
0.30106	0.00392	5.36609E-4
0.30158	0.00431	5.31575E-4
0.3021	0.00437	5.42131E-4
0.30261	0.00415	5.46348E-4
0.30313	0.00358	5.46663E-4
0.30365	0.00516	5.50091E-4
0.30417	0.00265	5.53491E-4
0.30468	0.00297	5.5993E-4
0.3052	0.00434	5.58394E-4
0.30572	0.00427	5.59815E-4
0.30623	0.00338	5.6439E-4
0.30675	0.00341	5.56947E-4
0.30727	0.00282	5.62302E-4
0.30778	0.00235	5.63887E-4
0.3083	0.00413	5.65181E-4
0.30882	0.00484	5.6756E-4
0.30933	0.00334	5.72404E-4
0.30985	0.00413	5.77028E-4
0.31037	0.00324	5.6872E-4
0.31088	0.00212	5.73209E-4
0.3114	0.0019	5.75096E-4
0.31192	0.00295	5.81116E-4
0.31243	0.00357	5.81558E-4
0.31295	0.00486	5.80392E-4
0.31346	0.00397	5.84671E-4
0.31398	0.00294	5.83727E-4
0.3145	0.00457	5.87393E-4
0.31501	0.00415	5.85688E-4
0.31553	0.00279	5.8501E-4
0.31605	0.00474	5.88618E-4
0.31656	0.00269	5.9915E-4
0.31708	0.00541	5.9986E-4
0.3176	0.00497	5.97638E-4
0.31812	0.00266	5.95591E-4
0.31863	0.00397	6.07837E-4
0.31915	0.00291	6.13635E-4
0.31966	0.00373	6.14657E-4
0.32018	0.00459	6.12056E-4
0.3207	0.00242	6.24649E-4
0.32121	0.00257	6.23116E-4
0.32173	0.00493	6.31496E-4
0.32225	0.00219	6.29315E-4
0.32277	0.00372	6.38223E-4
0.32328	0.0047	6.41059E-4
0.3238	0.00601	6.41034E-4
0.32432	0.00391	6.44537E-4
0.32483	0.00446	6.44321E-4
0.32535	0.00605	6.57668E-4
0.32586	0.0036	6.51036E-4
0.32638	0.0035	6.56883E-4
0.3269	0.00433	6.62032E-4
0.32742	0.00178	6.66392E-4
0.32793	0.00334	6.67796E-4
0.32845	0.00298	6.77078E-4
0.32897	0.00455	6.74421E-4
0.32948	0.00191	6.78615E-4
0.33	0.00402	6.86902E-4
0.33052	0.00402	6.79614E-4
0.33103	0.00268	6.91766E-4
0.33155	0.00416	6.94502E-4
0.33207	0.00301	6.98051E-4
0.33258	0.00577	7.08051E-4
0.3331	0.00342	7.12214E-4
0.33361	0.00503	7.09544E-4
0.33413	0.00321	7.21361E-4
0.33465	0.00349	7.25981E-4
0.33517	0.00482	7.24837E-4
0.33568	0.00451	7.28545E-4
0.3362	0.00634	7.32969E-4
0.33671	0.00412	7.50114E-4
0.33723	0.00435	7.51588E-4
0.33775	0.00339	7.60631E-4
0.33826	0.00237	7.55767E-4
0.33878	0.00407	7.43991E-4
0.3393	0.00594	7.49576E-4
0.33982	0.00246	7.40581E-4
0.34033	0.00316	7.41623E-4
0.34085	0.00465	7.32457E-4
0.34137	0.00337	7.34113E-4
0.34188	0.00553	7.3887E-4
0.3424	0.00388	7.38452E-4
0.34291	0.00136	7.38357E-4
0.34343	0.00262	7.32537E-4
0.34395	0.00506	7.28915E-4
0.34447	0.00451	7.41708E-4
0.34498	0.0031	7.40294E-4
0.3455	0.00407	7.31607E-4
0.34602	0.00248	7.32952E-4
0.34653	0.00436	7.29793E-4
0.34705	0.00335	7.34113E-4
0.34756	0.00276	7.42885E-4
0.34808	0.00256	7.42148E-4
0.3486	0.00377	7.53161E-4
0.34911	0.00325	7.48521E-4
0.34963	0.00483	7.52576E-4
0.35015	0.00606	7.50093E-4
0.35066	0.00528	7.76809E-4
0.35118	0.00444	7.73488E-4
0.3517	0.00549	7.68821E-4
0.35221	0.00442	7.75761E-4
0.35273	0.00419	7.76697E-4
0.35325	0.00465	7.86936E-4
0.35376	0.00313	7.96156E-4
0.35428	0.00505	8.10923E-4
0.3548	0.00206	8.02106E-4
0.35531	0.00353	8.10056E-4
0.35583	0.00409	8.18324E-4
0.35635	0.00497	8.21455E-4
0.35686	0.00389	8.15563E-4
0.35738	0.00443	8.27226E-4
0.3579	0.00346	8.54003E-4
0.35841	0.00359	8.5855E-4
0.35893	0.00294	8.59876E-4
0.35945	0.00163	8.8448E-4
0.35996	0.00427	9.13088E-4
0.36048	0.00218	9.50314E-4
0.361	0.00288	9.73322E-4
0.36151	0.00273	0.00105
0.36203	7.9118E-4	0.00103
0.36255	0.00363	0.00107
0.36306	0.00558	0.00112
0.36358	0.00513	0.0012
0.3641	0.00356	0.00119
0.36461	0.00692	0.00127
0.36513	0.00427	0.00142
0.36565	0.00249	0.00156
