Sample description: 
Sample:   c= 0 mg/ml  Code: 
Parent(s): D:/DATANALYSIS_C/Reference_Proteins_Benchmark_SAXS_102018/Standards Data Share_JT_201119/SAXS/UMD-APS from Alex/Lsz_APS_12IDB_1.0mgmL.dat D:/DATANALYSIS_C/Reference_Proteins_Benchmark_SAXS_102018/Standards Data Share_JT_201119/SAXS/UMD-APS from Alex/Lsz_APS_12IDB_5.0mgmL.dat  
 5.079700e-003  1.148536e-002  1.124239e-002
 5.254660e-003  1.074239e-002  7.340938e-003
 5.435640e-003  1.173081e-002  7.823888e-003
 5.622860e-003  1.246657e-002  7.170011e-003
 5.816530e-003  1.185166e-002  5.081329e-003
 6.016860e-003  1.014597e-002  4.501039e-003
 6.224100e-003  1.079015e-002  4.303460e-003
 6.438470e-003  1.173517e-002  4.273785e-003
 6.660230e-003  1.041713e-002  3.834050e-003
 6.889630e-003  1.116466e-002  3.401916e-003
 7.126920e-003  1.226019e-002  3.104685e-003
 7.372390e-003  1.021539e-002  2.596207e-003
 7.626320e-003  1.112203e-002  2.268904e-003
 7.888990e-003  1.016930e-002  2.095253e-003
 8.160700e-003  1.154391e-002  1.844799e-003
 8.441780e-003  1.027561e-002  2.011863e-003
 8.732540e-003  1.137104e-002  1.485221e-003
 9.033310e-003  1.057081e-002  1.605224e-003
 9.344440e-003  1.157911e-002  1.471502e-003
 9.666280e-003  1.082229e-002  1.264802e-003
 9.999220e-003  1.146153e-002  1.176698e-003
 1.034360e-002  1.127591e-002  1.069688e-003
 1.069990e-002  9.936907e-003  1.004212e-003
 1.106840e-002  1.112193e-002  8.992276e-004
 1.144960e-002  1.019304e-002  9.941357e-004
 1.184400e-002  1.097073e-002  8.605923e-004
 1.225190e-002  1.000049e-002  8.394693e-004
 1.267390e-002  1.141070e-002  7.080160e-004
 1.311040e-002  1.131487e-002  7.179829e-004
 1.356200e-002  1.028125e-002  6.270065e-004
 1.402910e-002  1.005202e-002  4.915722e-004
 1.451230e-002  1.046252e-002  4.767043e-004
 1.501210e-002  1.088855e-002  3.834493e-004
 1.552920e-002  1.089270e-002  3.898642e-004
 1.606410e-002  1.052818e-002  3.558956e-004
 1.661730e-002  1.096826e-002  2.950906e-004
 1.718970e-002  1.011739e-002  3.049513e-004
 1.778170e-002  1.053916e-002  2.505264e-004
 1.839420e-002  9.981507e-003  2.180210e-004
 1.902770e-002  1.045392e-002  2.421369e-004
 1.968310e-002  1.050702e-002  2.128111e-004
 2.036100e-002  1.000692e-002  2.099797e-004
 2.106230e-002  1.022735e-002  1.873984e-004
 2.178780e-002  1.011007e-002  1.529548e-004
 2.253820e-002  1.023379e-002  8.265427e-005
 2.331450e-002  1.024415e-002  7.607085e-005
 2.411750e-002  1.011410e-002  7.051197e-005
 2.494810e-002  1.011270e-002  6.083309e-005
 2.580740e-002  1.003810e-002  6.559077e-005
 2.669630e-002  1.011149e-002  5.449252e-005
 2.761580e-002  9.944632e-003  5.169391e-005
 2.856690e-002  9.882625e-003  5.250251e-005
 2.955090e-002  9.884859e-003  5.444199e-005
 3.056870e-002  9.875756e-003  2.302756e-005
 3.162150e-002  9.865665e-003  2.094261e-005
 3.271070e-002  9.778312e-003  2.001278e-005
 3.383730e-002  9.753161e-003  2.087651e-005
 3.500270e-002  9.666038e-003  1.987642e-005
 3.620830e-002  9.607522e-003  1.859091e-005
 3.745540e-002  9.557128e-003  1.989089e-005
 3.874550e-002  9.509130e-003  1.949809e-005
 4.008000e-002  9.430705e-003  1.834384e-005
 4.146050e-002  9.330165e-003  1.935033e-005
 4.288850e-002  9.250953e-003  1.656138e-005
 4.436560e-002  9.183688e-003  1.573720e-005
 4.589370e-002  9.116103e-003  1.288436e-005
 4.747440e-002  8.982022e-003  1.372089e-005
 4.910950e-002  8.895331e-003  1.225639e-005
 5.080100e-002  8.788442e-003  1.389676e-005
 5.255070e-002  8.701069e-003  1.148647e-005
 5.436070e-002  8.587777e-003  1.526833e-005
 5.623300e-002  8.456952e-003  1.382109e-005
 5.816980e-002  8.314660e-003  1.193435e-005
 6.017340e-002  8.181169e-003  1.174179e-005
 6.224590e-002  8.031043e-003  1.017817e-005
 6.438980e-002  7.882758e-003  1.063251e-005
 6.660750e-002  7.742970e-003  1.148075e-005
 6.890170e-002  7.562449e-003  1.057974e-005
 7.127480e-002  7.390532e-003  1.064838e-005
 7.372970e-002  7.211353e-003  9.739251e-006
 7.626920e-002  7.016413e-003  1.035453e-005
 7.889610e-002  6.823959e-003  9.129209e-006
 8.161340e-002  6.622812e-003  7.024252e-006
 8.442440e-002  6.391162e-003  7.693336e-006
 8.733220e-002  6.159817e-003  6.952323e-006
 9.034020e-002  5.935916e-003  8.547411e-006
 9.345170e-002  5.726216e-003  7.922271e-006
 9.667040e-002  5.463225e-003  6.798237e-006
 1.000000e-001  5.235351e-003  8.537355e-006
 1.020000e-001  5.064186e-003  8.500432e-006
 1.040000e-001  4.932107e-003  6.810842e-006
 1.060000e-001  4.785630e-003  8.494329e-006
 1.080000e-001  4.634251e-003  7.268001e-006
 1.100000e-001  4.488418e-003  8.984403e-006
 1.120000e-001  4.363423e-003  7.011936e-006
 1.140000e-001  4.225784e-003  6.886038e-006
 1.160000e-001  4.074136e-003  8.085639e-006
 1.180000e-001  3.948695e-003  8.086097e-006
 1.200000e-001  3.811609e-003  8.069684e-006
 1.220000e-001  3.686384e-003  9.013335e-006
 1.240000e-001  3.558421e-003  8.838310e-006
 1.260000e-001  3.424376e-003  7.397365e-006
 1.280000e-001  3.314071e-003  7.175073e-006
 1.300000e-001  3.187326e-003  7.243249e-006
 1.320000e-001  3.059201e-003  5.873549e-006
 1.340000e-001  2.947520e-003  5.605052e-006
 1.360000e-001  2.837983e-003  6.928720e-006
 1.380000e-001  2.740790e-003  7.834359e-006
 1.400000e-001  2.620859e-003  5.545153e-006
 1.420000e-001  2.505044e-003  7.842896e-006
 1.440000e-001  2.408638e-003  6.053817e-006
 1.460000e-001  2.301339e-003  7.056309e-006
 1.480000e-001  2.203269e-003  6.320311e-006
 1.500000e-001  2.112569e-003  5.806230e-006
 1.520000e-001  2.017506e-003  5.830521e-006
 1.540000e-001  1.924858e-003  6.071577e-006
 1.560000e-001  1.852102e-003  6.876555e-006
 1.580000e-001  1.766100e-003  5.761055e-006
 1.600000e-001  1.692397e-003  4.626536e-006
 1.620000e-001  1.612967e-003  5.340506e-006
 1.640000e-001  1.541134e-003  6.410116e-006
 1.660000e-001  1.463377e-003  5.981544e-006
 1.680000e-001  1.399767e-003  5.928175e-006
 1.700000e-001  1.320655e-003  6.176078e-006
 1.720000e-001  1.252193e-003  6.158431e-006
 1.740000e-001  1.196748e-003  5.306875e-006
 1.760000e-001  1.139338e-003  5.598807e-006
 1.780000e-001  1.085829e-003  6.193723e-006
 1.800000e-001  1.015390e-003  5.790389e-006
 1.820000e-001  9.750405e-004  4.972693e-006
 1.840000e-001  9.306803e-004  4.399890e-006
 1.860000e-001  8.751590e-004  5.226696e-006
 1.880000e-001  8.269400e-004  5.519313e-006
 1.900000e-001  7.947302e-004  5.116810e-006
 1.920000e-001  7.448207e-004  5.934908e-006
 1.940000e-001  7.012549e-004  4.804657e-006
 1.960000e-001  6.603831e-004  5.700098e-006
 1.980000e-001  6.438748e-004  4.187767e-006
 2.000000e-001  6.029566e-004  4.402096e-006
 2.020000e-001  5.729329e-004  4.788299e-006
 2.040000e-001  5.466606e-004  5.098277e-006
 2.060000e-001  5.132684e-004  4.774664e-006
 2.080000e-001  4.890300e-004  4.773862e-006
 2.100000e-001  4.686255e-004  4.585746e-006
 2.120000e-001  4.266374e-004  4.172758e-006
 2.140000e-001  4.131649e-004  4.826084e-006
 2.160000e-001  3.906029e-004  4.694112e-006
 2.180000e-001  3.807263e-004  4.774177e-006
 2.200000e-001  3.649853e-004  4.794343e-006
 2.220000e-001  3.448957e-004  4.709696e-006
 2.240000e-001  3.246968e-004  4.777215e-006
 2.260000e-001  3.122280e-004  4.108876e-006
 2.280000e-001  2.916231e-004  4.243858e-006
 2.300000e-001  2.835692e-004  4.909671e-006
 2.320000e-001  2.703705e-004  4.925054e-006
 2.340000e-001  2.675029e-004  4.378722e-006
 2.360000e-001  2.581038e-004  5.066538e-006
 2.380000e-001  2.493093e-004  4.749141e-006
 2.400000e-001  2.418907e-004  5.011709e-006
 2.420000e-001  2.153555e-004  4.789330e-006
 2.440000e-001  2.259746e-004  4.512583e-006
 2.460000e-001  2.169011e-004  4.126208e-006
 2.480000e-001  2.179406e-004  4.527249e-006
 2.500000e-001  2.048043e-004  3.973010e-006
 2.520000e-001  2.071190e-004  3.895065e-006
 2.540000e-001  1.980797e-004  3.659795e-006
 2.560000e-001  2.013302e-004  4.283501e-006
 2.580000e-001  2.003069e-004  4.120766e-006
 2.600000e-001  1.998436e-004  4.116239e-006
 2.620000e-001  1.921763e-004  4.634357e-006
 2.640000e-001  1.994949e-004  3.548650e-006
 2.660000e-001  1.851691e-004  3.948487e-006
 2.680000e-001  1.915822e-004  3.864012e-006
 2.700000e-001  1.887933e-004  3.830066e-006
 2.720000e-001  1.861081e-004  4.184501e-006
 2.740000e-001  1.936647e-004  3.862780e-006
 2.760000e-001  1.872997e-004  3.965933e-006
 2.780000e-001  1.870706e-004  4.056170e-006
 2.800000e-001  1.869847e-004  3.868683e-006
 2.820000e-001  1.876646e-004  4.563113e-006
 2.840000e-001  1.980028e-004  3.539800e-006
 2.860000e-001  1.926414e-004  3.633327e-006
 2.880000e-001  1.923068e-004  3.597405e-006
 2.900000e-001  1.950171e-004  3.502759e-006
 2.920000e-001  1.894981e-004  3.978310e-006
 2.940000e-001  1.965180e-004  3.467352e-006
 2.960000e-001  2.025340e-004  3.307795e-006
 2.980000e-001  2.005610e-004  4.101058e-006
 3.000000e-001  2.027221e-004  3.862494e-006
 3.020000e-001  1.994769e-004  3.833964e-006
 3.040000e-001  2.029814e-004  3.677442e-006
 3.060000e-001  2.021781e-004  3.510149e-006
 3.080000e-001  1.983354e-004  3.822333e-006
 3.100000e-001  1.978364e-004  3.693741e-006
 3.120000e-001  2.011154e-004  3.746277e-006
 3.140000e-001  2.070977e-004  3.969745e-006
 3.160000e-001  2.054483e-004  4.051356e-006
 3.180000e-001  2.063590e-004  3.592878e-006
 3.200000e-001  2.005019e-004  4.237870e-006
 3.220000e-001  2.108061e-004  4.042764e-006
 3.240000e-001  2.052588e-004  3.417681e-006
 3.260000e-001  2.016610e-004  3.237756e-006
 3.280000e-001  2.123841e-004  3.636536e-006
 3.300000e-001  2.059796e-004  3.775868e-006
 3.320000e-001  2.113213e-004  3.372164e-006
 3.340000e-001  2.088957e-004  3.318223e-006
 3.360000e-001  2.116845e-004  3.729090e-006
 3.380000e-001  2.033356e-004  3.344519e-006
 3.400000e-001  2.073034e-004  3.585689e-006
 3.420000e-001  2.075522e-004  3.499838e-006
 3.440000e-001  2.146363e-004  3.393876e-006
 3.460000e-001  2.126434e-004  3.807867e-006
 3.480000e-001  2.043785e-004  3.372450e-006
 3.500000e-001  2.093964e-004  3.786096e-006
 3.520000e-001  2.120476e-004  3.773520e-006
 3.540000e-001  2.050637e-004  4.308941e-006
 3.560000e-001  2.085199e-004  4.034111e-006
 3.580000e-001  2.048812e-004  4.519687e-006
 3.600000e-001  2.035538e-004  4.611927e-006
 3.620000e-001  2.098116e-004  3.788732e-006
 3.640000e-001  2.022676e-004  4.734188e-006
 3.660000e-001  2.066522e-004  4.709379e-006
 3.680000e-001  1.994949e-004  3.503964e-006
 3.700000e-001  2.016289e-004  4.352740e-006
 3.720000e-001  2.046291e-004  4.045656e-006
 3.740000e-001  1.980565e-004  3.671254e-006
 3.760000e-001  1.933103e-004  3.708694e-006
 3.780000e-001  1.884786e-004  3.126153e-006
 3.800000e-001  1.969259e-004  3.435040e-006
 3.820000e-001  1.884892e-004  3.348702e-006
 3.840000e-001  1.898416e-004  3.924140e-006
 3.860000e-001  1.877629e-004  3.194873e-006
 3.880000e-001  1.946682e-004  3.879739e-006
 3.900000e-001  1.859489e-004  3.738572e-006
 3.920000e-001  1.848720e-004  3.828663e-006
 3.940000e-001  1.911100e-004  3.886758e-006
 3.960000e-001  1.815713e-004  3.336097e-006
 3.980000e-001  1.851333e-004  3.107132e-006
 4.000000e-001  1.832852e-004  3.086649e-006
 4.020000e-001  1.781973e-004  3.597721e-006
 4.040000e-001  1.805231e-004  3.378322e-006
 4.060000e-001  1.871387e-004  3.154740e-006
 4.080000e-001  1.740568e-004  3.934624e-006
 4.100000e-001  1.695317e-004  3.299603e-006
 4.120000e-001  1.715680e-004  3.384794e-006
 4.140000e-001  1.753194e-004  3.436328e-006
 4.160000e-001  1.637861e-004  3.336271e-006
 4.180000e-001  1.626776e-004  3.421520e-006
 4.200000e-001  1.665244e-004  3.249245e-006
 4.220000e-001  1.580681e-004  3.754501e-006
 4.240000e-001  1.589781e-004  3.537449e-006
 4.260000e-001  1.631801e-004  3.527052e-006
 4.280000e-001  1.633800e-004  3.529343e-006
 4.300000e-001  1.573116e-004  3.250247e-006
 4.320000e-001  1.503649e-004  3.613045e-006
 4.340000e-001  1.552074e-004  3.236409e-006
 4.360000e-001  1.524669e-004  3.625078e-006
 4.380000e-001  1.430142e-004  3.432605e-006
 4.400000e-001  1.507447e-004  3.746536e-006
 4.420000e-001  1.510258e-004  3.502960e-006
 4.440000e-001  1.389083e-004  3.677498e-006
 4.460000e-001  1.423671e-004  3.003549e-006
 4.480000e-001  1.348384e-004  3.645387e-006
 4.500000e-001  1.316700e-004  3.434152e-006
 4.520000e-001  1.377778e-004  4.209567e-006
 4.540000e-001  1.397460e-004  3.978482e-006
 4.560000e-001  1.351186e-004  3.495427e-006
 4.580000e-001  1.315754e-004  3.757679e-006
 4.600000e-001  1.342278e-004  3.278204e-006
 4.620000e-001  1.268347e-004  3.534098e-006
 4.640000e-001  1.378173e-004  3.737484e-006
 4.660000e-001  1.318495e-004  3.885553e-006
 4.680000e-001  1.332678e-004  4.097877e-006
 4.700000e-001  1.287668e-004  3.314185e-006
 4.720000e-001  1.331945e-004  3.382245e-006
 4.740000e-001  1.227835e-004  3.589729e-006
 4.760000e-001  1.251674e-004  3.512786e-006
 4.780000e-001  1.293290e-004  4.201260e-006
 4.800000e-001  1.244207e-004  4.293328e-006
 4.820000e-001  1.281100e-004  4.037778e-006
 4.840000e-001  1.216530e-004  3.747395e-006
 4.860000e-001  1.188569e-004  3.910447e-006
 4.880000e-001  1.293131e-004  4.339619e-006
 4.900000e-001  1.211666e-004  4.348930e-006
 4.920000e-001  1.248182e-004  4.374423e-006
 4.940000e-001  1.282449e-004  3.768021e-006
 4.960000e-001  1.225640e-004  3.576522e-006
 4.980000e-001  1.157109e-004  3.828004e-006
 5.000000e-001  1.272415e-004  3.512125e-006
 5.040000e-001  1.240202e-004  2.600765e-006
 5.080000e-001  1.192122e-004  2.281330e-006
 5.120000e-001  1.220563e-004  2.832087e-006
 5.160000e-001  1.211509e-004  2.661817e-006
 5.200000e-001  1.214853e-004  2.627178e-006
 5.240000e-001  1.212974e-004  2.811684e-006
 5.280000e-001  1.247434e-004  2.809439e-006
 5.320000e-001  1.219928e-004  2.786687e-006
 5.360000e-001  1.246097e-004  3.256949e-006
 5.400000e-001  1.264975e-004  2.836934e-006
 5.440000e-001  1.210115e-004  2.698849e-006
 5.480000e-001  1.283992e-004  2.744798e-006
 5.520000e-001  1.233168e-004  2.843507e-006
 5.560000e-001  1.282065e-004  2.995154e-006
 5.600000e-001  1.334716e-004  2.746743e-006
 5.640000e-001  1.339909e-004  2.711680e-006
 5.680000e-001  1.275702e-004  2.862507e-006
 5.720000e-001  1.315438e-004  2.811395e-006
 5.760000e-001  1.314601e-004  2.825604e-006
 5.800000e-001  1.264518e-004  2.673174e-006
 5.840000e-001  1.338571e-004  2.806715e-006
 5.880000e-001  1.375767e-004  2.724281e-006
 5.920000e-001  1.331704e-004  2.492064e-006
 5.960000e-001  1.339670e-004  2.779442e-006
 6.000000e-001  1.402134e-004  2.923483e-006
 6.040000e-001  1.424376e-004  3.238358e-006
 6.080000e-001  1.391220e-004  3.062358e-006
 6.120000e-001  1.379874e-004  2.759110e-006
 6.160000e-001  1.376930e-004  2.633692e-006
 6.200000e-001  1.350810e-004  2.874097e-006
 6.240000e-001  1.350347e-004  3.093697e-006
 6.280000e-001  1.388494e-004  2.745340e-006
 6.320000e-001  1.349576e-004  2.843764e-006
 6.360000e-001  1.377012e-004  3.394565e-006
 6.400000e-001  1.367678e-004  3.018415e-006
 6.440000e-001  1.391413e-004  2.419953e-006
 6.480000e-001  1.269760e-004  2.631517e-006
 6.520000e-001  1.331229e-004  3.191979e-006
 6.560000e-001  1.291319e-004  2.934654e-006
 6.600000e-001  1.295469e-004  2.531816e-006
 6.640000e-001  1.239579e-004  3.124176e-006
 6.680000e-001  1.326149e-004  3.016640e-006
 6.720000e-001  1.249522e-004  2.700249e-006
 6.760000e-001  1.231112e-004  3.119220e-006
 6.800000e-001  1.227881e-004  2.849012e-006
 6.840000e-001  1.192506e-004  3.013860e-006
 6.880000e-001  1.167691e-004  2.531141e-006
 6.920000e-001  1.195042e-004  3.018214e-006
 6.960000e-001  1.185971e-004  2.517871e-006
 7.000000e-001  1.150541e-004  2.688706e-006
 7.040000e-001  1.135627e-004  3.000024e-006
 7.080000e-001  1.115624e-004  2.745233e-006
 7.120000e-001  1.121845e-004  2.848187e-006
 7.160000e-001  1.123333e-004  3.277716e-006
 7.200000e-001  1.059820e-004  2.958690e-006
 7.240000e-001  1.054979e-004  3.099425e-006
 7.280000e-001  1.068198e-004  3.374198e-006
 7.320000e-001  9.888402e-005  2.962872e-006
 7.360000e-001  1.028118e-004  2.940039e-006
 7.400000e-001  9.816256e-005  2.364774e-006
 7.440000e-001  1.073796e-004  2.976535e-006
 7.480000e-001  9.721138e-005  2.923483e-006
 7.520000e-001  9.883806e-005  2.804276e-006
 7.560000e-001  9.410830e-005  2.748753e-006
 7.600000e-001  9.280648e-005  3.167861e-006
 7.640000e-001  9.255032e-005  2.642946e-006
 7.680000e-001  9.237088e-005  2.787429e-006
 7.720000e-001  8.644629e-005  2.317037e-006
 7.760000e-001  9.297911e-005  2.810692e-006
 7.800000e-001  8.594967e-005  2.732051e-006
 7.840000e-001  8.604681e-005  2.708481e-006
 7.880000e-001  8.773449e-005  2.996931e-006
 7.920000e-001  8.870338e-005  2.770206e-006
 7.960000e-001  8.217253e-005  2.850570e-006
 8.000000e-001  8.293516e-005  2.995068e-006
 8.040000e-001  7.845548e-005  2.858187e-006
 8.080000e-001  8.485163e-005  2.499374e-006
 8.120000e-001  8.810894e-005  2.601996e-006
 8.160000e-001  8.183085e-005  3.239704e-006
 8.200000e-001  8.254445e-005  2.714570e-006
 8.240000e-001  8.602786e-005  2.957971e-006
 8.280000e-001  7.843794e-005  2.409895e-006
 8.320000e-001  8.561605e-005  2.900280e-006
 8.350000e-001  7.843818e-005  7.721244e-006
 8.360000e-001  8.212010e-005  2.655063e-006
 8.400000e-001  8.359508e-005  3.712848e-006
 8.440000e-001  8.579244e-005  3.328163e-006
 8.450000e-001  6.757872e-005  4.848255e-006
 8.480000e-001  8.113208e-005  3.488207e-006
 8.500000e-001  8.744701e-005  4.414306e-006
 8.520000e-001  7.835978e-005  3.825714e-006
 8.550000e-001  8.461766e-005  4.044290e-006
 8.560000e-001  7.529318e-005  4.536301e-006
 8.600000e-001  8.448508e-005  4.218304e-006
 8.640000e-001  8.006642e-005  4.581305e-006
 8.650000e-001  7.818825e-005  4.213435e-006
 8.680000e-001  7.368350e-005  5.453400e-006
 8.700000e-001  8.020396e-005  3.662162e-006
 8.720000e-001  6.708592e-005  4.851120e-006
 8.750000e-001  7.955300e-005  3.591798e-006
 8.760000e-001  8.777528e-005  6.157344e-006
 8.800000e-001  7.695707e-005  9.706623e-006
 8.850000e-001  7.583907e-005  3.640336e-006
 8.900000e-001  7.290594e-005  3.290315e-006
 8.950000e-001  7.569766e-005  3.256350e-006
 9.000000e-001  8.327891e-005  3.190274e-006
 9.050000e-001  7.400458e-005  3.191095e-006
 9.100000e-001  8.269078e-005  3.306780e-006
 9.150000e-001  7.691391e-005  2.964227e-006
 9.200000e-001  6.775676e-005  2.708518e-006
 9.250000e-001  7.990556e-005  2.916146e-006
 9.300000e-001  8.117221e-005  2.828677e-006
 9.350000e-001  8.219208e-005  2.911034e-006
 9.400000e-001  7.096015e-005  2.983586e-006
 9.450000e-001  7.745415e-005  2.923351e-006
 9.500000e-001  8.114956e-005  2.727333e-006
 9.550000e-001  7.761054e-005  3.143746e-006
 9.600000e-001  7.750538e-005  2.639148e-006
 9.650000e-001  7.767535e-005  2.595908e-006
 9.700000e-001  7.706970e-005  2.996104e-006
 9.750000e-001  7.927961e-005  2.837085e-006
 9.800000e-001  8.057208e-005  2.869604e-006
 9.850000e-001  8.269454e-005  2.719077e-006
 9.900000e-001  7.965796e-005  2.713545e-006
 9.950000e-001  8.252415e-005  2.868815e-006
 1.000000e+000  8.259978e-005  2.822024e-006
 1.005000e+000  7.685088e-005  2.377641e-006
 1.010000e+000  8.113477e-005  2.819347e-006
 1.015000e+000  8.221336e-005  2.564063e-006
 1.020000e+000  8.229784e-005  2.574578e-006
 1.025000e+000  8.042276e-005  2.646792e-006
 1.030000e+000  8.465725e-005  2.578551e-006
 1.035000e+000  8.050136e-005  2.763985e-006
 1.040000e+000  8.333426e-005  2.326443e-006
 1.045000e+000  7.872301e-005  2.500548e-006
 1.050000e+000  8.288479e-005  2.166288e-006
 1.055000e+000  8.000620e-005  2.545682e-006
 1.060000e+000  8.177374e-005  2.398325e-006
 1.065000e+000  8.401179e-005  2.264434e-006
 1.070000e+000  8.157007e-005  2.023049e-006
 1.075000e+000  8.349597e-005  2.263147e-006
 1.080000e+000  8.370022e-005  2.230965e-006
 1.085000e+000  8.115742e-005  2.424524e-006
 1.090000e+000  8.254287e-005  2.707574e-006
 1.095000e+000  8.710824e-005  2.334165e-006
 1.100000e+000  8.535470e-005  2.392424e-006
 1.105000e+000  8.934868e-005  2.808254e-006
 1.110000e+000  8.672515e-005  2.541373e-006
 1.115000e+000  8.393658e-005  2.417512e-006
 1.120000e+000  8.651697e-005  2.698744e-006
 1.125000e+000  8.357180e-005  2.480012e-006
 1.130000e+000  8.666646e-005  2.335216e-006
 1.135000e+000  9.005891e-005  2.633994e-006
 1.140000e+000  8.992500e-005  2.652262e-006
 1.145000e+000  9.203328e-005  2.726199e-006
 1.150000e+000  8.871447e-005  2.732606e-006
 1.155000e+000  8.862308e-005  2.465652e-006
 1.160000e+000  8.912355e-005  2.757684e-006
 1.165000e+000  9.138704e-005  3.015893e-006
 1.170000e+000  9.146682e-005  2.590975e-006
 1.175000e+000  9.297947e-005  2.469186e-006
 1.180000e+000  9.460578e-005  2.463936e-006
 1.185000e+000  9.897026e-005  2.571707e-006
 1.190000e+000  9.814931e-005  2.830331e-006
 1.195000e+000  9.369366e-005  2.795242e-006
 1.200000e+000  9.821194e-005  2.633382e-006
 1.205000e+000  1.049081e-004  2.664250e-006
 1.210000e+000  1.008753e-004  2.749951e-006
 1.215000e+000  9.737979e-005  2.761150e-006
 1.220000e+000  1.045559e-004  3.078894e-006
 1.225000e+000  1.041637e-004  2.627921e-006
 1.230000e+000  1.101465e-004  2.661584e-006
 1.235000e+000  1.040991e-004  2.714936e-006
 1.240000e+000  1.088577e-004  3.196488e-006
 1.245000e+000  1.080687e-004  2.832939e-006
 1.250000e+000  1.103404e-004  2.884491e-006
 1.255000e+000  1.119150e-004  3.038192e-006
 1.260000e+000  1.148486e-004  3.120160e-006
 1.265000e+000  1.152395e-004  3.179174e-006
 1.270000e+000  1.197361e-004  2.768576e-006
 1.275000e+000  1.144786e-004  3.181980e-006
 1.280000e+000  1.230147e-004  2.482484e-006
 1.285000e+000  1.240094e-004  3.204087e-006
 1.290000e+000  1.226496e-004  2.975887e-006
 1.295000e+000  1.255744e-004  3.148474e-006
 1.300000e+000  1.254740e-004  3.217144e-006
 1.305000e+000  1.246254e-004  2.801094e-006
 1.310000e+000  1.283256e-004  2.875846e-006
 1.315000e+000  1.339518e-004  3.302837e-006
 1.320000e+000  1.329429e-004  2.670526e-006
 1.325000e+000  1.329308e-004  3.038449e-006
 1.330000e+000  1.342378e-004  3.013469e-006
 1.335000e+000  1.319544e-004  3.049048e-006
 1.340000e+000  1.419759e-004  3.219132e-006
 1.345000e+000  1.457337e-004  2.981757e-006
 1.350000e+000  1.441205e-004  2.970216e-006
 1.355000e+000  1.482154e-004  2.787620e-006
 1.360000e+000  1.468550e-004  3.435995e-006
 1.365000e+000  1.492114e-004  3.292209e-006
 1.370000e+000  1.510633e-004  3.374715e-006
 1.375000e+000  1.513558e-004  3.248937e-006
 1.380000e+000  1.518942e-004  3.722465e-006
 1.385000e+000  1.562530e-004  3.921856e-006
 1.390000e+000  1.545455e-004  3.751702e-006
 1.395000e+000  1.580406e-004  4.142187e-006
 1.400000e+000  1.538825e-004  4.373463e-006
 1.405000e+000  1.597564e-004  3.699284e-006
 1.410000e+000  1.612714e-004  4.016221e-006
 1.415000e+000  1.634224e-004  5.481809e-006
 1.420000e+000  1.448052e-004  4.898464e-006
 1.425000e+000  1.601691e-004  5.612919e-006
 1.430000e+000  1.591873e-004  4.938265e-006
 1.435000e+000  1.625109e-004  4.257557e-006
 1.440000e+000  1.641476e-004  4.020257e-006
 1.445000e+000  1.690759e-004  4.512962e-006
 1.450000e+000  1.677740e-004  4.083305e-006
 1.455000e+000  1.637211e-004  3.986038e-006
 1.460000e+000  1.681273e-004  3.760344e-006
 1.465000e+000  1.589969e-004  3.930434e-006
 1.470000e+000  1.604108e-004  4.770635e-006
 1.475000e+000  1.699354e-004  3.706791e-006
 1.480000e+000  1.589070e-004  4.252418e-006
 1.485000e+000  1.678160e-004  3.769964e-006
 1.490000e+000  1.625148e-004  4.554783e-006
 1.495000e+000  1.663658e-004  4.513781e-006
 1.500000e+000  1.651219e-004  4.098474e-006
 1.505000e+000  1.616141e-004  4.355929e-006
 1.510000e+000  1.730861e-004  4.104088e-006
 1.515000e+000  1.695918e-004  4.370310e-006
 1.520000e+000  1.597790e-004  4.314643e-006
 1.525000e+000  1.640206e-004  4.794322e-006
 1.530000e+000  1.660588e-004  4.386269e-006
 1.535000e+000  1.653772e-004  3.733093e-006
 1.540000e+000  1.599025e-004  4.159882e-006
 1.545000e+000  1.612712e-004  3.902300e-006
 1.550000e+000  1.649065e-004  4.527374e-006
 1.555000e+000  1.540621e-004  3.923086e-006
 1.560000e+000  1.588265e-004  3.777722e-006
 1.565000e+000  1.604859e-004  4.189403e-006
 1.570000e+000  1.626270e-004  3.768229e-006
 1.575000e+000  1.555946e-004  3.822822e-006
 1.580000e+000  1.556952e-004  3.491945e-006
 1.585000e+000  1.601586e-004  4.344384e-006
 1.590000e+000  1.499575e-004  4.454930e-006
 1.595000e+000  1.565352e-004  4.780225e-006
 1.600000e+000  1.479912e-004  4.223022e-006
 1.605000e+000  1.540147e-004  3.898138e-006
 1.610000e+000  1.486053e-004  4.091377e-006
 1.615000e+000  1.531828e-004  4.504131e-006
 1.620000e+000  1.431754e-004  4.320732e-006
 1.625000e+000  1.465345e-004  4.309029e-006
 1.630000e+000  1.457585e-004  3.703826e-006
 1.635000e+000  1.528501e-004  4.151649e-006
 1.640000e+000  1.469076e-004  4.001302e-006
 1.645000e+000  1.447439e-004  3.839571e-006
 1.650000e+000  1.497381e-004  3.910942e-006
 1.655000e+000  1.436067e-004  3.986794e-006
 1.660000e+000  1.425094e-004  3.691872e-006
 1.665000e+000  1.441771e-004  3.856066e-006
 1.670000e+000  1.351573e-004  4.920003e-006
 1.675000e+000  1.472471e-004  3.731328e-006
 1.680000e+000  1.362489e-004  4.013476e-006
 1.685000e+000  1.298875e-004  4.623286e-006
 1.690000e+000  1.392282e-004  4.330475e-006
 1.695000e+000  1.349772e-004  4.347697e-006
 1.700000e+000  1.419347e-004  4.324894e-006
 1.705000e+000  1.369482e-004  4.004677e-006
 1.710000e+000  1.383369e-004  4.572539e-006
 1.715000e+000  1.444053e-004  4.755150e-006
 1.720000e+000  1.495766e-004  4.925682e-006
 1.725000e+000  1.418171e-004  3.997832e-006
 1.730000e+000  1.338650e-004  4.234786e-006
 1.735000e+000  1.328307e-004  4.612088e-006
 1.740000e+000  1.330108e-004  4.942523e-006
 1.745000e+000  1.327379e-004  4.449632e-006
 1.750000e+000  1.312430e-004  4.527059e-006
 1.755000e+000  1.323645e-004  4.088256e-006
 1.760000e+000  1.289093e-004  4.990211e-006
 1.765000e+000  1.345128e-004  4.351007e-006
 1.770000e+000  1.238032e-004  4.143322e-006
 1.775000e+000  1.333338e-004  4.965862e-006
 1.780000e+000  1.328364e-004  4.345046e-006
 1.785000e+000  1.291656e-004  4.838067e-006
 1.790000e+000  1.268771e-004  4.940694e-006
 1.795000e+000  1.157921e-004  4.796118e-006
 1.800000e+000  1.184100e-004  4.523369e-006
 1.805000e+000  1.282644e-004  4.459375e-006
 1.810000e+000  1.204503e-004  5.078678e-006
 1.815000e+000  1.212665e-004  5.053415e-006
 1.820000e+000  1.189278e-004  4.849830e-006
 1.825000e+000  1.196857e-004  4.161205e-006
 1.830000e+000  1.228335e-004  4.709797e-006
 1.835000e+000  1.179256e-004  4.430298e-006
 1.840000e+000  1.161544e-004  4.415000e-006
 1.845000e+000  1.159544e-004  4.746917e-006
 1.850000e+000  1.158579e-004  3.962919e-006
 1.855000e+000  1.143827e-004  4.597864e-006
 1.860000e+000  1.128940e-004  4.788582e-006
 1.865000e+000  1.089023e-004  4.557810e-006
 1.870000e+000  1.053723e-004  3.921288e-006
 1.875000e+000  1.093411e-004  5.326166e-006
 1.880000e+000  1.044720e-004  4.104215e-006
 1.885000e+000  1.066427e-004  4.801290e-006
 1.890000e+000  1.036292e-004  5.018502e-006
 1.895000e+000  1.006695e-004  4.605526e-006
 1.900000e+000  9.980990e-005  5.198778e-006
 1.905000e+000  9.601131e-005  4.554688e-006
 1.910000e+000  9.788638e-005  4.009755e-006
 1.915000e+000  1.012365e-004  4.726543e-006
 1.920000e+000  9.693268e-005  4.717902e-006
 1.925000e+000  9.344586e-005  4.626753e-006
 1.930000e+000  9.718990e-005  4.842229e-006
 1.935000e+000  9.064292e-005  4.525986e-006
 1.940000e+000  9.454058e-005  4.332777e-006
 1.945000e+000  9.465207e-005  4.906000e-006
 1.950000e+000  9.771659e-005  4.722728e-006
 1.955000e+000  1.007138e-004  4.805804e-006
 1.960000e+000  8.681478e-005  4.491105e-006
 1.965000e+000  9.392667e-005  5.018059e-006
 1.970000e+000  8.911292e-005  4.634007e-006
 1.975000e+000  7.847778e-005  4.383461e-006
 1.980000e+000  8.286609e-005  6.306684e-006
 1.985000e+000  8.983361e-005  5.582926e-006
 1.990000e+000  8.362656e-005  5.464811e-006
 1.995000e+000  8.506122e-005  6.682472e-006
 2.000000e+000  6.333102e-005  6.188729e-006
 2.005000e+000  8.721028e-005  7.199210e-006
 2.010000e+000  9.116861e-005  6.771160e-006
 2.015000e+000  7.190675e-005  7.636941e-006
 2.020000e+000  7.814019e-005  8.076470e-006
 2.025000e+000  7.637463e-005  7.049777e-006
 2.030000e+000  7.420903e-005  6.016115e-006
 2.035000e+000  6.720882e-005  7.617545e-006
 2.040000e+000  7.735272e-005  5.728289e-006
 2.045000e+000  7.567698e-005  6.356170e-006
 2.050000e+000  6.499399e-005  5.831423e-006
 2.055000e+000  6.370862e-005  5.377794e-006
 2.060000e+000  7.979407e-005  4.883356e-006
 2.065000e+000  7.734958e-005  5.550030e-006
 2.070000e+000  7.880238e-005  5.027144e-006
 2.075000e+000  8.304315e-005  5.503036e-006
 2.080000e+000  8.612068e-005  4.867397e-006
 2.085000e+000  6.273089e-005  5.873716e-006
 2.090000e+000  7.185671e-005  4.936657e-006
 2.095000e+000  7.375029e-005  5.516758e-006
 2.100000e+000  8.050411e-005  5.455223e-006
 2.105000e+000  7.668149e-005  4.961069e-006
 2.110000e+000  6.198146e-005  5.109712e-006
 2.115000e+000  7.163513e-005  4.746887e-006
 2.120000e+000  6.870867e-005  4.668417e-006
 2.125000e+000  7.247044e-005  3.873379e-006
 2.130000e+000  6.974823e-005  5.085112e-006
 2.135000e+000  7.213698e-005  4.575316e-006
 2.140000e+000  7.259296e-005  4.708124e-006
 2.145000e+000  7.454742e-005  4.843555e-006
 2.150000e+000  7.120713e-005  5.081232e-006
 2.155000e+000  7.162844e-005  4.406801e-006
 2.160000e+000  7.159201e-005  4.533525e-006
 2.165000e+000  7.157033e-005  4.279699e-006
 2.170000e+000  7.528622e-005  4.228386e-006
 2.175000e+000  7.585268e-005  3.804276e-006
 2.180000e+000  6.951681e-005  4.720616e-006
 2.185000e+000  6.752493e-005  5.421696e-006
 2.190000e+000  6.925623e-005  4.855192e-006
 2.195000e+000  7.138067e-005  4.438183e-006
 2.200000e+000  6.228399e-005  4.423296e-006
 2.205000e+000  7.069977e-005  4.315434e-006
 2.210000e+000  7.007461e-005  4.281749e-006
 2.215000e+000  6.610799e-005  4.586194e-006
 2.220000e+000  6.957157e-005  4.640728e-006
 2.225000e+000  7.662416e-005  4.755655e-006
 2.230000e+000  7.566458e-005  4.632937e-006
 2.235000e+000  6.813435e-005  4.767891e-006
 2.240000e+000  7.440501e-005  4.816556e-006
 2.245000e+000  7.790245e-005  4.443858e-006
 2.250000e+000  6.980753e-005  4.593796e-006
 2.255000e+000  7.785067e-005  5.147686e-006
 2.260000e+000  7.170920e-005  4.911174e-006
 2.265000e+000  7.024498e-005  4.344480e-006
 2.270000e+000  6.660572e-005  4.778805e-006
 2.275000e+000  7.221243e-005  4.554625e-006
 2.280000e+000  6.941144e-005  4.853645e-006
 2.285000e+000  7.583573e-005  5.080255e-006
 2.290000e+000  7.648196e-005  4.828636e-006
 2.295000e+000  7.536400e-005  6.137855e-006
range-from:  2.30000E+01
range-to:  3.63500E+02
parent: D:/DATANALYSIS_C/Reference_Proteins_Benchmark_SAXS_102018/Standards Data Share_JT_201119/SAXS/UMD-APS from Alex/Lsz_APS_12IDB_1.0mgmL.dat
parent: D:/DATANALYSIS_C/Reference_Proteins_Benchmark_SAXS_102018/Standards Data Share_JT_201119/SAXS/UMD-APS from Alex/Lsz_APS_12IDB_5.0mgmL.dat
parent: 
parent: 
creator: datmerge
creator-version: v0.3 (r11734)
datmerge-scale:  1.00000E+00
datmerge-scale:  1.00495E+00
